2 0.9180572916666667 0.5142361111111111 0.058333333333333334 0.317037037037037
2 0.35208333333333336 0.35379629629629633 0.044442708333333296 0.24307870370370369
2 0.395921875 0.3989120370370371 0.04010416666666667 0.23300925925925928
2 0.42560937499999996 0.7646527777777777 0.10295312500000003 0.4706712962962964
1 0.24522395833333333 0.5272685185185184 0.162328125 0.8523842592592593
1 0.7402760416666666 0.5265046296296296 0.1680572916666667 0.8662731481481482
0 0.810421875 0.13212962962962962 0.013255208333333239 0.03282407407407409
0 0.78878125 0.16458333333333333 0.01629166666666677 0.1154861111111111
0 0.728046875 0.1555324074074074 0.0106197916666666 0.10805555555555557
0 0.6938697916666666 0.17629629629629628 0.01573437500000002 0.11761574074074074
0 0.6760208333333334 0.18409722222222222 0.01756770833333334 0.1190277777777778
0 0.66803125 0.20965277777777777 0.020765624999999944 0.1417361111111111
0 0.3105364583333333 0.14453703703703702 0.011276041666666714 0.037916666666666654
0 0.31471354166666665 0.20425925925925925 0.016395833333333342 0.13722222222222222
0 0.3030833333333333 0.219375 0.020994791666666637 0.1415277777777778
0 0.29128645833333333 0.1705787037037037 0.01555208333333328 0.11016203703703704
0 0.25707291666666665 0.15949074074074077 0.010630208333333316 0.10238425925925923
0 0.199203125 0.17618055555555556 0.015421875000000007 0.11275462962962965
0 0.17995833333333333 0.1538888888888889 0.010630208333333316 0.042222222222222223
0 0.17377083333333332 0.21476851851851853 0.018338541666666687 0.1323148148148148
0 0.1857916666666667 0.22886574074074076 0.022291666666666644 0.14324074074074072
0 0.23819270833333334 0.7499305555555557 0.031942708333333354 0.055393518518518405
0 0.692359375 0.754537037037037 0.023609374999999964 0.09550925925925924