2 0.8772552083333333 0.7916666666666666 0.07048437499999996 0.4166666666666667
2 0.7849843750000001 0.49497685185185186 0.043921874999999964 0.10877314814814817
2 0.3934010416666667 0.5998611111111111 0.050692708333333295 0.2876851851851851
1 0.26536458333333335 0.6257638888888889 0.1609375 0.7484490740740741
1 0.7839427083333333 0.5949074074074074 0.17378645833333337 0.8101851851851852
0 0.8561302083333333 0.30395833333333333 0.017557291666666686 0.13622685185185188
0 0.8436145833333334 0.3316898148148148 0.021786458333333297 0.14546296296296293
0 0.8303802083333333 0.26712962962962966 0.015479166666666563 0.11745370370370373
0 0.7951354166666668 0.251087962962963 0.010015625000000009 0.10562499999999998
0 0.7701614583333334 0.25743055555555555 0.009494791666666676 0.10678240740740742
0 0.7347864583333333 0.2713194444444444 0.016776041666666686 0.11138888888888887
0 0.7183333333333334 0.2819907407407407 0.016385416666666687 0.11543981481481483
0 0.7101354166666667 0.3140740740740741 0.02080729166666657 0.1391203703703704
0 0.328859375 0.3481712962962963 0.017166666666666684 0.11194444444444447
0 0.1983125 0.3130787037037037 0.012291666666666678 0.05041666666666664
0 0.20380729166666667 0.39108796296296294 0.025234375000000024 0.14861111111111108