2 0.89296875 0.5752314814814815 0.09010416666666667 0.8495370370370371
2 0.6145833333333334 0.5755555555555555 0.0625 0.2313888888888889
1 0.7861979166666667 0.5987731481481482 0.1609375 0.8024537037037036
1 0.26709895833333336 0.6315509259259259 0.15746354166666662 0.7368750000000001
0 0.8583020833333334 0.30787037037037035 0.018057291666666704 0.13965277777777774
0 0.8330416666666667 0.26743055555555556 0.01456770833333323 0.11270833333333333
0 0.7975364583333333 0.25342592592592594 0.010317708333333305 0.1083333333333333
0 0.7376041666666667 0.27247685185185183 0.01714583333333337 0.11608796296296298
0 0.720234375 0.27888888888888885 0.01729687500000002 0.10865740740740737
0 0.712796875 0.31243055555555554 0.02063541666666661 0.1386574074074074
0 0.3312916666666667 0.3531944444444445 0.016994791666666724 0.10893518518518519
0 0.19978125 0.31747685185185187 0.010390625000000023 0.050995370370370406
0 0.20615624999999999 0.39298611111111115 0.023135416666666644 0.1480324074074074