2 0.934546875 0.7550231481481482 0.08784895833333337 0.4899537037037036
2 0.8401041666666667 0.3352777777777778 0.051734374999999964 0.20606481481481478
2 0.5975677083333333 0.4652777777777778 0.05625 0.14967592592592585
2 0.11102604166666666 0.3738425925925926 0.057119791666666676 0.19060185185185188
2 0.16397395833333334 0.3738425925925926 0.0484375 0.19060185185185188
2 0.167359375 0.5728703703703703 0.056942708333333356 0.24912037037037033
1 0.25104166666666666 0.5353703703703704 0.1618072916666667 0.83
1 0.759375 0.5095138888888889 0.16458333333333333 0.8631944444444444
0 0.8288281249999999 0.12722222222222224 0.011505208333333409 0.04754629629629631
0 0.8322291666666667 0.18819444444444444 0.018307291666666715 0.13467592592592595
0 0.8199739583333333 0.205625 0.021901041666666763 0.14627314814814815
0 0.8076822916666667 0.14724537037037036 0.015625 0.1166898148148148
0 0.7732604166666667 0.13171296296296295 0.01019791666666663 0.10594907407407407
0 0.7773489583333333 0.21710648148148148 0.015104166666666667 0.16050925925925927
0 0.7701250000000001 0.44962962962962966 0.006536458333333428 0.09967592592592593
0 0.7471770833333333 0.1282175925925926 0.010328124999999962 0.11347222222222225
0 0.7112864583333334 0.13967592592592593 0.015692708333333392 0.1160648148148148
0 0.6911510416666666 0.1162962962962963 0.012031249999999953 0.04898148148148147
0 0.6847083333333334 0.18034722222222221 0.01810937499999999 0.13928240740740744
0 0.6979166666666666 0.19703703703703704 0.020984374999999982 0.15233796296296298
0 0.2967083333333333 0.19574074074074074 0.016145833333333335 0.1032638888888889
0 0.31674479166666664 0.1791898148148148 0.01111458333333329 0.04111111111111109
0 0.3214166666666667 0.24280092592592592 0.018499999999999992 0.1276388888888889
0 0.30971875 0.2580555555555556 0.02255208333333331 0.1319675925925926
0 0.26571874999999995 0.17395833333333335 0.009088541666666661 0.10037037037037039
0 0.241171875 0.16046296296296295 0.00902083333333336 0.09949074074074071
0 0.23290104166666667 0.24280092592592592 0.014057291666666671 0.15085648148148145
0 0.20808854166666665 0.16872685185185185 0.013468750000000007 0.11314814814814814
0 0.18997916666666667 0.14171296296296296 0.009937500000000021 0.04171296296296297
0 0.1826354166666667 0.20108796296296297 0.015645833333333314 0.12949074074074074
0 0.19447916666666665 0.2220601851851852 0.019229166666666644 0.1403472222222222