2 0.6287343750000001 0.538912037037037 0.050869791666666705 0.27381944444444445
2 0.37881770833333334 0.7781712962962963 0.06319270833333329 0.44365740740740733
1 0.26640625 0.6238425925925926 0.16302083333333334 0.7523148148148148
1 0.7844635416666667 0.5968287037037037 0.16441145833333337 0.8063194444444446
0 0.1989739583333333 0.3076157407407407 0.011062500000000005 0.0463888888888889
0 0.19325520833333334 0.37305555555555553 0.019046875000000026 0.13409722222222223
0 0.205421875 0.3902083333333333 0.02233854166666666 0.1419907407407408
0 0.2185625 0.32893518518518516 0.016781250000000015 0.11303240740740737
0 0.2554427083333333 0.5019675925925926 0.0036666666666666475 0.09212962962962966
0 0.2523125 0.3131481481481482 0.010359374999999994 0.10541666666666669
0 0.24732291666666667 0.4006481481481482 0.013869791666666664 0.1605092592592592
0 0.2785625 0.3179398148148148 0.010520833333333358 0.10541666666666669
0 0.2784270833333334 0.5063888888888889 0.008635416666666628 0.09858796296296303
0 0.30896875 0.5261805555555555 0.0222291666666667 0.08780092592592594
0 0.32704687499999996 0.5491898148148148 0.018453125000000032 0.09546296296296299
0 0.3132604166666667 0.3355787037037037 0.016781250000000015 0.11430555555555555
0 0.3306614583333333 0.3440972222222222 0.01651041666666669 0.11453703703703705
0 0.7165208333333334 0.2485416666666667 0.011223958333333428 0.04335648148148146
0 0.7239375 0.32872685185185185 0.022286458333333314 0.14377314814814818
0 0.7110416666666667 0.3142361111111111 0.019156250000000104 0.13634259259259257
0 0.7413385416666666 0.46743055555555557 0.02201562499999999 0.08303240740740742
0 0.723859375 0.48530092592592594 0.019427083333333428 0.09717592592592597
0 0.7201614583333333 0.5171990740740741 0.027682291666666713 0.06023148148148144
0 0.73165625 0.568125 0.03016145833333326 0.10217592592592589
0 0.7507291666666667 0.621712962962963 0.01705208333333322 0.04868055555555549
0 0.7344583333333333 0.7312731481481483 0.029302083333333447 0.09032407407407403
0 0.771125 0.25537037037037036 0.009281250000000085 0.10256944444444445
0 0.766890625 0.34023148148148147 0.014296874999999905 0.1571990740740741
0 0.7751197916666667 0.44525462962962964 0.004317708333333314 0.0986342592592593
0 0.7682135416666667 0.5925925925925926 0.01424479166666662 0.09351851851851846
0 0.7955416666666667 0.25416666666666665 0.01008854166666661 0.10497685185185184
0 0.79403125 0.444537037037037 0.004911458333333248 0.10199074074074074
0 0.8019895833333333 0.34023148148148147 0.012734374999999905 0.1571990740740741
0 0.8023125 0.5915046296296297 0.013380208333333362 0.09377314814814819
0 0.8314791666666667 0.26916666666666667 0.01505208333333338 0.11335648148148145
0 0.8507708333333334 0.25023148148148144 0.01100520833333339 0.05150462962962963
0 0.8568645833333334 0.30571759259259257 0.017807291666666693 0.13611111111111113
0 0.8448593750000001 0.3298148148148148 0.022390624999999886 0.14354166666666665
0 0.8277812499999999 0.4595138888888889 0.021151041666666735 0.08159722222222222
0 0.845640625 0.48085648148148147 0.01909895833333337 0.09071759259259259
0 0.8495260416666667 0.5110648148148148 0.029031249999999887 0.06479166666666669
0 0.838140625 0.566574074074074 0.031078125000000036 0.0918518518518518
0 0.8220885416666667 0.6114120370370371 0.011385416666666733 0.04245370370370371
0 0.8442135416666667 0.629375 0.018937500000000065 0.1023842592592593
0 0.7356197916666667 0.2716203703703704 0.01597395833333337 0.11347222222222221
0 0.726046875 0.631412037037037 0.02034895833333342 0.1032407407407408