2 0.8997395833333334 0.5080555555555555 0.0477447916666667 0.27384259259259264
2 0.2746510416666667 0.49263888888888885 0.05625 0.2738425925925925
2 0.05902604166666667 0.5130787037037037 0.034723958333333325 0.18358796296296298
2 0.09183854166666668 0.7781712962962963 0.08298437499999999 0.44365740740740733
1 0.19791666666666666 0.6161342592592592 0.15277604166666664 0.7677314814814814
1 0.7611979166666667 0.5987731481481482 0.15260416666666668 0.8024537037037036
0 0.8271979166666666 0.2641898148148148 0.013942708333333324 0.05701388888888888
0 0.8219010416666667 0.3334259259259259 0.023927083333333363 0.1378935185185185
0 0.8091770833333333 0.27215277777777774 0.015239583333333447 0.10340277777777782
0 0.7534427083333333 0.24828703703703708 0.009677083333333296 0.09967592592592596
0 0.7031510416666666 0.26858796296296295 0.01577083333333344 0.11321759259259262
0 0.6941979166666666 0.29381944444444447 0.018437500000000048 0.13317129629629626
0 0.25753645833333333 0.3063425925925926 0.02361979166666665 0.1412962962962963
0 0.18732291666666667 0.23541666666666666 0.010437499999999982 0.10442129629629626
0 0.15532291666666667 0.25252314814814814 0.013484374999999993 0.10814814814814812
0 0.13844270833333333 0.26469907407407406 0.015541666666666669 0.1189583333333333