2 0.7868072916666667 0.8379629629629629 0.07360937499999996 0.32407407407407407
2 0.6323802083333334 0.7974537037037037 0.09635416666666667 0.4050925925925926
2 0.40477604166666664 0.5674537037037036 0.05433854166666663 0.28460648148148154
2 0.14409895833333333 0.6508564814814816 0.059026041666666675 0.698287037037037
1 0.2659739583333333 0.6257638888888889 0.15694270833333335 0.7484490740740741
1 0.7836822916666667 0.6006944444444444 0.16458333333333333 0.7986111111111112
0 0.8560833333333334 0.3052083333333333 0.018874999999999885 0.1380324074074074
0 0.8434375000000001 0.3251388888888889 0.0207760416666666 0.14372685185185183
0 0.8303854166666667 0.2644212962962963 0.0156979166666666 0.10659722222222218
0 0.7956041666666667 0.25335648148148154 0.009744791666666686 0.1027314814814815
0 0.7700312500000001 0.25666666666666665 0.010411458333333219 0.10706018518518519
0 0.7352552083333334 0.2710185185185185 0.016776041666666686 0.12208333333333332
0 0.7182499999999999 0.28229166666666666 0.017135416666666715 0.11958333333333332
0 0.7111197916666666 0.3125 0.0203125 0.1412037037037037
0 0.3298333333333333 0.3415740740740741 0.016416666666666656 0.10817129629629631
0 0.19803125000000002 0.3070601851851852 0.012364583333333339 0.045972222222222255
0 0.20410937499999998 0.3902314814814815 0.02400520833333335 0.1439351851851852