2 0.913109375 0.41356481481481483 0.057119791666666704 0.21604166666666663
2 0.6542552083333334 0.5400462962962963 0.07066145833333337 0.4072685185185185
2 0.325 0.5161342592592592 0.05972395833333337 0.4365972222222222
2 0.11901041666666666 0.35224537037037035 0.0453125 0.17826388888888886
2 0.10251562500000001 0.7112962962962962 0.08524479166666668 0.5028240740740741
1 0.245484375 0.5311342592592593 0.15069270833333334 0.8137962962962965
1 0.757203125 0.5133796296296297 0.16197916666666667 0.855462962962963
0 0.8255625 0.16270833333333334 0.017093750000000085 0.12266203703703706
0 0.8325937499999999 0.18905092592592593 0.020124999999999935 0.1385648148148148
0 0.691828125 0.11266203703703705 0.012197916666666704 0.04398148148148148
0 0.6976875 0.19592592592592592 0.022536458333333325 0.14928240740740736
0 0.685453125 0.18231481481481482 0.01943229166666664 0.13736111111111113
0 0.3101979166666667 0.25840277777777776 0.022880208333333367 0.13638888888888892
0 0.2326666666666667 0.24631944444444442 0.012541666666666689 0.1458796296296296
0 0.192625 0.1780324074074074 0.01378125000000002 0.11347222222222225