2 0.11680208333333333 0.4745138888888889 0.054260416666666686 0.2258796296296296
2 0.34754166666666664 0.4348148148148148 0.04029687499999994 0.2482638888888889
2 0.3930677083333334 0.5511342592592593 0.05731249999999998 0.3112731481481481
1 0.24684375000000003 0.595138888888889 0.15560937500000002 0.8097222222222221
0 0.23875520833333336 0.835324074074074 0.03258854166666669 0.05206018518518521
0 0.2820625 0.6311805555555556 0.013125000000000024 0.06437499999999988
0 0.2585572916666667 0.6093287037037037 0.02106249999999997 0.024027777777777766
0 0.24085416666666667 0.6064351851851852 0.013125000000000024 0.0216666666666667
0 0.2240625 0.6106712962962964 0.010072916666666683 0.026759259259259132
0 0.20479166666666665 0.6337268518518518 0.021140625000000017 0.045717592592592594
0 0.185640625 0.6823842592592593 0.020984374999999982 0.06502314814814822
0 0.18636458333333333 0.71375 0.020145833333333307 0.056527777777777684
0 0.196515625 0.7546064814814815 0.017552083333333357 0.067013888888889
0 0.210328125 0.805300925925926 0.022286458333333314 0.10395833333333326
0 0.190140625 0.7800462962962963 0.028463541666666654 0.12465277777777783
0 0.23352604166666666 0.24918981481481484 0.010682291666666661 0.10425925925925927
0 0.2576822916666667 0.25106481481481485 0.009385416666666656 0.09782407407407409
0 0.2642083333333333 0.3285416666666667 0.014041666666666685 0.15439814814814812
0 0.28984895833333335 0.26546296296296296 0.016484375000000048 0.10967592592592591
0 0.3081614583333333 0.2722453703703704 0.016484375000000048 0.10967592592592595
0 0.3146510416666667 0.30819444444444444 0.021828125000000042 0.1272916666666667
2 0.8519895833333333 0.6058796296296296 0.06471354166666667 0.43094907407407396
2 0.7045104166666667 0.5589351851851853 0.06052083333333324 0.21837962962962956
1 0.7548802083333332 0.5815740740740741 0.158203125 0.813125
0 0.798734375 0.6074537037037038 0.023901041666666602 0.06120370370370377
0 0.6926666666666667 0.2199537037037037 0.010640624999999914 0.04412037037037037
0 0.6862552083333333 0.27722222222222226 0.019624999999999913 0.12178240740740737
0 0.6988385416666667 0.2934027777777778 0.021677083333333277 0.13282407407407407
0 0.7109427083333333 0.24048611111111112 0.0149166666666666 0.10844907407407406
0 0.7439374999999999 0.22849537037037035 0.008942708333333372 0.0999074074074074
0 0.73815625 0.29708333333333337 0.013520833333333352 0.15180555555555553
0 0.7680781250000001 0.22597222222222224 0.008812500000000037 0.09874999999999999
0 0.7739635416666667 0.29668981481481477 0.014479166666666762 0.15104166666666666
0 0.8003958333333333 0.2399074074074074 0.015005208333333304 0.10340277777777775
0 0.8187135416666667 0.22055555555555556 0.009770833333333447 0.04138888888888888
0 0.8235520833333333 0.27789351851851857 0.01857812500000004 0.1328240740740741
0 0.80975 0.2904861111111111 0.017578125 0.1386342592592593