2 0.15486458333333333 0.5876851851851852 0.062302083333333334 0.2605092592592592
2 0.3315677083333333 0.5815509259259259 0.0654322916666666 0.35754629629629625
2 0.39021875 0.8462962962962963 0.10970312500000005 0.3074074074074073
1 0.24583333333333332 0.5960648148148148 0.153125 0.8078703703703703
0 0.18519791666666666 0.7597453703703704 0.018630208333333325 0.08460648148148138
0 0.20580208333333333 0.6431944444444445 0.02332812499999998 0.06349537037037026
0 0.2658697916666667 0.33125 0.015276041666666658 0.15504629629629635
0 0.81646875 0.24946759259259257 0.017213541666666762 0.11071759259259262
0 0.7985833333333333 0.6079166666666667 0.023177083333333334 0.0558796296296296
2 0.84803125 0.4099537037037036 0.07214062499999987 0.8093287037037037
2 0.6364114583333333 0.40358796296296295 0.04166145833333322 0.26328703703703704
1 0.7571458333333333 0.5821527777777779 0.15195833333333322 0.8092361111111109