2 0.3739322916666667 0.5045833333333333 0.05990624999999999 0.2732638888888889
2 0.3615625 0.571388888888889 0.08134375000000003 0.8572222222222222
2 0.26246875 0.5295601851851851 0.05411458333333332 0.20370370370370364
1 0.24623437499999998 0.6004861111111112 0.15330729166666665 0.7990277777777777
0 0.23378645833333334 0.25210648148148146 0.010229166666666659 0.09928240740740737
0 0.25733854166666664 0.2537037037037037 0.009755208333333343 0.10245370370370369
0 0.26501041666666664 0.3313888888888889 0.014390624999999997 0.15208333333333332
0 0.29034895833333335 0.26439814814814816 0.015104166666666667 0.11062500000000001
0 0.30750520833333334 0.27456018518518516 0.01552083333333331 0.10719907407407404
0 0.2582916666666667 0.6111111111111112 0.02117187499999999 0.032222222222222124
0 0.223203125 0.6132175925925927 0.009276041666666639 0.036458333333333336
0 0.20179166666666667 0.6337037037037037 0.016416666666666656 0.048333333333333325
0 0.1860625 0.680324074074074 0.02123437499999999 0.06495370370370358
0 0.18683333333333335 0.7088657407407408 0.02158854166666669 0.058587962962962835
0 0.19649999999999998 0.753263888888889 0.018911458333333304 0.08393518518518517
0 0.19010416666666666 0.7806018518518519 0.029317708333333314 0.13069444444444453
0 0.21085937500000002 0.8083564814814814 0.022062500000000006 0.10689814814814803
0 0.238578125 0.8357175925925925 0.029916666666666637 0.04796296296296303
2 0.6750208333333333 0.5222222222222223 0.06363541666666658 0.5522916666666666
2 0.8531093750000001 0.5452546296296297 0.07249999999999991 0.34986111111111107
1 0.7548333333333334 0.5807175925925926 0.15724479166666658 0.809375
0 0.7983645833333333 0.6077777777777778 0.02307812499999997 0.05993055555555552
0 0.692921875 0.2205324074074074 0.01082291666666677 0.044027777777777805
0 0.6985677083333334 0.29252314814814817 0.020932291666666696 0.13252314814814814
0 0.6869114583333332 0.27652777777777776 0.019031249999999982 0.12432870370370372
0 0.7105260416666667 0.23939814814814817 0.015104166666666667 0.10557870370370367
0 0.7441875 0.2285648148148148 0.008682291666666704 0.09979166666666663
0 0.7381197916666667 0.2970138888888889 0.013203124999999953 0.14678240740740736
0 0.7679427083333333 0.2251388888888889 0.009218749999999906 0.09819444444444442
0 0.7738645833333333 0.2972685185185185 0.014510416666666732 0.15259259259259264
0 0.8007135416666666 0.24284722222222221 0.014093749999999971 0.10717592592592595
0 0.8189114583333333 0.2219675925925926 0.010052083333333428 0.049583333333333306
0 0.8233125 0.27969907407407407 0.01885416666666657 0.13067129629629634
0 0.8108854166666667 0.29039351851851847 0.02134895833333322 0.13886574074074073
0 0.7965520833333334 0.4169907407407407 0.020041666666666676 0.06956018518518521