2 0.09042708333333334 0.6338888888888888 0.05034895833333334 0.2583796296296296
2 0.12651041666666668 0.5949305555555555 0.03973437500000001 0.23243055555555547
1 0.2516041666666667 0.6722685185185185 0.15650520833333337 0.6554629629629629
2 0.32893229166666665 0.5947222222222223 0.03846874999999995 0.21900462962962966
2 0.27434895833333334 0.6020833333333334 0.043239583333333324 0.24238425925925927
0 0.26938020833333337 0.7148148148148148 0.015776041666666647 0.09995370370370359
0 0.18857291666666667 0.37835648148148143 0.010968749999999972 0.037523148148148104
0 0.18197395833333332 0.4382407407407407 0.01756770833333334 0.13166666666666665
0 0.19372916666666665 0.4565740740740741 0.020453124999999992 0.13898148148148154
0 0.20622395833333332 0.4039814814814815 0.013276041666666672 0.1034722222222222
0 0.19331770833333334 0.6090046296296295 0.017979166666666657 0.0920138888888889
0 0.23958333333333334 0.3924537037037037 0.009895833333333333 0.09138888888888894
0 0.235625 0.46902777777777777 0.011874999999999976 0.14923611111111118
0 0.24147916666666666 0.5760416666666667 0.005442708333333357 0.08469907407407401
0 0.31034375000000003 0.6218287037037037 0.019463541666666608 0.09567129629629632
0 0.263171875 0.39499999999999996 0.010229166666666659 0.09798611111111108
0 0.2964895833333333 0.4089351851851852 0.01484375 0.10236111111111104
0 0.3156666666666667 0.39282407407407405 0.009484375000000019 0.04081018518518517
0 0.32172395833333334 0.4499768518518518 0.01583333333333338 0.12581018518518525
0 0.31083854166666663 0.4653703703703704 0.020453124999999992 0.12726851851851856
2 0.6285260416666667 0.5970601851851852 0.06119270833333322 0.34668981481481476
2 0.7448958333333333 0.590462962962963 0.0547604166666666 0.3481481481481482
1 0.7473958333333334 0.6446759259259259 0.17291666666666666 0.7106481481481481
0 0.817265625 0.33217592592592593 0.01228645833333341 0.044143518518518506
0 0.823984375 0.4004861111111111 0.019958333333333418 0.14780092592592597
0 0.8109531249999999 0.4105787037037037 0.023588541666666647 0.1569675925925926
0 0.7963541666666667 0.3651388888888889 0.01583333333333338 0.12474537037037034
0 0.7603958333333334 0.3433333333333333 0.009895833333333333 0.10680555555555553
0 0.766171875 0.4256018518518519 0.01484375 0.1650231481481482
0 0.734296875 0.3455324074074074 0.011296875000000029 0.11120370370370372
0 0.7277395833333333 0.42962962962962964 0.01715625000000003 0.16574074074074066
0 0.76546875 0.6923842592592593 0.014265624999999933 0.09745370370370375
0 0.7281093750000001 0.6942129629629629 0.013770833333333362 0.09377314814814813
0 0.807078125 0.8026851851851852 0.017484375000000087 0.07613425925925922
0 0.7082760416666667 0.5927083333333334 0.01121874999999998 0.05939814814814814
0 0.6971822916666667 0.3605555555555555 0.016244791666666696 0.11925925925925922
0 0.6762760416666667 0.3352777777777778 0.009895833333333333 0.04671296296296298
0 0.6703385416666666 0.39902777777777776 0.017812499999999905 0.14488425925925932
0 0.6840260416666666 0.41807870370370376 0.022104166666666696 0.1536574074074074