1 0.25139062500000003 0.6724537037037037 0.15861458333333336 0.6550925925925926
2 0.394765625 0.6294907407407407 0.03455208333333329 0.22754629629629625
2 0.38099479166666667 0.7035416666666667 0.05938020833333333 0.17613425925925932
2 0.23554166666666668 0.6288657407407408 0.05209895833333332 0.26259259259259254
2 0.15994270833333332 0.7028935185185184 0.07161979166666667 0.4046064814814814
0 0.2694479166666667 0.7135185185185186 0.015166666666666639 0.09331018518518507
0 0.3094427083333333 0.6204398148148148 0.018979166666666696 0.08851851851851854
0 0.2966197916666667 0.41099537037037037 0.015781249999999976 0.11099537037037034
0 0.31580208333333337 0.3909259259259259 0.010609374999999944 0.03756944444444449
0 0.32181770833333334 0.45090277777777776 0.016526041666666675 0.1303240740740741
0 0.31015625 0.467662037037037 0.019723958333333277 0.13062500000000002
0 0.2638333333333333 0.3960416666666667 0.010067708333333354 0.1022453703703704
0 0.23907812499999997 0.39590277777777777 0.009520833333333319 0.1049768518518519
0 0.2358125 0.4705324074074074 0.013874999999999993 0.15145833333333336
0 0.206328125 0.40375 0.014078124999999986 0.10858796296296302
0 0.18782812499999998 0.3770138888888889 0.009723958333333312 0.03395833333333337
0 0.19411979166666665 0.454375 0.02163020833333332 0.14030092592592597
0 0.18194270833333331 0.4410648148148148 0.01768229166666669 0.12578703703703698
0 0.19354166666666667 0.6066898148148148 0.01843229166666666 0.09428240740740745
0 0.24203645833333332 0.5772222222222223 0.005239583333333305 0.0927777777777778
2 0.64228125 0.6201157407407407 0.06570312500000004 0.2994675925925926
2 0.9053333333333333 0.5977546296296297 0.055843749999999893 0.2789351851851852
1 0.7479427083333333 0.6444907407407408 0.17432812500000003 0.7109953703703703
0 0.6770677083333333 0.33743055555555557 0.010812500000000114 0.04849537037037034
0 0.6703697916666667 0.4007175925925926 0.017140624999999923 0.14182870370370365
0 0.683359375 0.42020833333333335 0.022718749999999944 0.15361111111111114
0 0.6974427083333333 0.3596296296296297 0.0168697916666666 0.12009259259259258
0 0.7345781250000001 0.34888888888888886 0.009520833333333438 0.11979166666666667
0 0.7271979166666667 0.4282175925925926 0.014489583333333418 0.16659722222222229
0 0.72825 0.6968981481481481 0.014557291666666573 0.09331018518518532
0 0.7608645833333333 0.34541666666666665 0.009723958333333371 0.10983796296296294
0 0.7671927083333333 0.42685185185185187 0.015578124999999924 0.16689814814814807
0 0.766 0.6987037037037036 0.015234375 0.09694444444444443
0 0.7963385416666667 0.3578009259259259 0.016052083333333418 0.11648148148148146
0 0.8169791666666666 0.3316898148148148 0.011765625000000076 0.04305555555555561
0 0.8240885416666667 0.3986111111111111 0.019859375000000058 0.1436574074074074
0 0.811671875 0.41673611111111114 0.022921875000000112 0.15571759259259255
0 0.8069479166666667 0.8047916666666667 0.018229166666666668 0.07331018518518509
0 0.7100208333333333 0.5879629629629629 0.005307291666666695 0.059837962962963016