2 0.36442708333333335 0.6366203703703703 0.057270833333333354 0.26905092592592594
2 0.27769791666666666 0.6655555555555556 0.046145833333333316 0.2756249999999999
1 0.25124479166666663 0.6686574074074074 0.15640104166666666 0.6626851851851852
0 0.3012239583333333 0.9251851851851852 0.007500000000000047 0.06969907407407411
0 0.26801562500000004 0.7133564814814816 0.015244791666666656 0.089236111111111
0 0.23369791666666667 0.7102546296296296 0.01334895833333333 0.08666666666666653
0 0.18622916666666667 0.3754166666666667 0.010713541666666692 0.03594907407407401
0 0.19290625 0.45340277777777777 0.022411458333333318 0.140625
0 0.20510416666666667 0.40067129629629633 0.013843750000000021 0.10844907407407413
0 0.234765625 0.46585648148148145 0.013843750000000021 0.15087962962962964
0 0.24082291666666666 0.5795370370370371 0.0037083333333333356 0.08162037037037034
0 0.262453125 0.39428240740740744 0.009890624999999976 0.09196759259259263
0 0.2695416666666667 0.46986111111111106 0.01417187500000002 0.15159722222222224
0 0.2959114583333333 0.40965277777777775 0.01417187500000002 0.10805555555555557
0 0.31276041666666665 0.4209953703703704 0.017385416666666723 0.1087962962962963
0 0.32046354166666663 0.45340277777777777 0.01714062500000004 0.12597222222222226
0 0.8206510416666667 0.8233796296296296 0.020437499999999886 0.0565740740740742
0 0.8223854166666666 0.877199074074074 0.018953124999999935 0.08365740740740737
0 0.7397343749999999 0.6837037037037037 0.006921874999999981 0.09583333333333328
0 0.7618177083333334 0.6864583333333334 0.008239583333333418 0.1049768518518519
0 0.7778020833333333 0.7487037037037036 0.017140624999999923 0.03905092592592593
2 0.7585208333333333 0.5399537037037037 0.044500000000000026 0.3979861111111112
2 0.91834375 0.6014814814814814 0.05842187500000004 0.27199074074074076
1 0.7517239583333333 0.6448379629629629 0.1668645833333334 0.710300925925926