2 0.13489583333333333 0.7997685185185185 0.075 0.40046296296296297
2 0.31528645833333335 0.6540046296296296 0.05952083333333332 0.28064814814814815
2 0.3717083333333333 0.6253240740740741 0.05164583333333338 0.23729166666666665
1 0.2509895833333333 0.6693518518518519 0.15871875 0.6612962962962962
0 0.19352604166666668 0.7453472222222223 0.019203125 0.10972222222222217
0 0.18335416666666668 0.6299768518518518 0.01906770833333334 0.05560185185185181
0 0.198953125 0.6786111111111112 0.029374999999999988 0.08999999999999998
0 0.21414583333333334 0.7337037037037036 0.01192708333333332 0.04446759259259268
0 0.19154166666666667 0.6052546296296297 0.019942708333333316 0.09303240740740747
0 0.2091927083333333 0.5907407407407407 0.020213541666666637 0.07898148148148149
0 0.18635416666666668 0.37775462962962963 0.010916666666666686 0.045277777777777785
0 0.19308854166666667 0.4552777777777778 0.02169270833333332 0.1344444444444444
0 0.18022395833333332 0.43657407407407406 0.018864583333333348 0.1359490740740741
0 0.20525 0.3993055555555556 0.01569791666666666 0.11231481481481477
0 0.23792708333333332 0.37520833333333337 0.009635416666666667 0.06712962962962964
0 0.234859375 0.46724537037037034 0.013609374999999998 0.14641203703703703
0 0.240921875 0.5732407407407407 0.0041770833333333235 0.08287037037037033
0 0.23465625 0.7079398148148148 0.01185937499999999 0.08879629629629633
0 0.23384895833333333 0.8731944444444445 0.012937500000000017 0.07194444444444453
0 0.26642708333333337 0.8770833333333333 0.014083333333333344 0.0737268518518519
0 0.26834375 0.7118287037037037 0.017244791666666644 0.09057870370370369
0 0.26133854166666665 0.571875 0.008624999999999971 0.09516203703703707
0 0.2620104166666667 0.3937731481481482 0.009968749999999993 0.10423611111111104
0 0.26982812500000003 0.4675462962962963 0.014281250000000007 0.15298611111111104
0 0.295328125 0.4076851851851852 0.013947916666666652 0.10511574074074066
0 0.314125 0.3875 0.012463541666666699 0.04974537037037039
0 0.30994791666666666 0.4666666666666667 0.02028125000000003 0.13324074074074074
0 0.3209635416666667 0.4478009259259259 0.016036458333333316 0.12546296296296294
0 0.28775 0.5941898148148148 0.012937499999999958 0.0888657407407407
0 0.3075572916666667 0.6111111111111112 0.020213541666666637 0.08374999999999995
0 0.3114947916666667 0.6567592592592594 0.027421875000000047 0.07625000000000012
0 0.30152604166666663 0.924375 0.007479166666666615 0.060532407407407354
2 0.8584947916666666 0.8766898148148149 0.09196354166666675 0.2466203703703703
1 0.7504270833333333 0.6453703703703704 0.1648593750000001 0.7092592592592593
0 0.6877708333333333 0.7429861111111111 0.020682291666666686 0.10796296296296293
0 0.7050208333333334 0.7142361111111112 0.022838541666666618 0.08643518518518525
0 0.739078125 0.5421064814814814 0.005390624999999953 0.1074768518518518
0 0.739078125 0.6850462962962963 0.005390624999999953 0.10891203703703693
0 0.7625208333333333 0.5427083333333333 0.009161458333333409 0.1086805555555556
0 0.7618177083333334 0.6739814814814815 0.008421875000000039 0.09273148148148162
0 0.777953125 0.7492824074074074 0.017114583333333398 0.04270833333333344
0 0.8179375 0.8151388888888889 0.02230208333333342 0.0666203703703703
0 0.8195885416666666 0.8839814814814815 0.016843750000000077 0.084537037037037