2 0.12505729166666668 0.8787962962962963 0.09215625000000001 0.24238425925925935
2 0.32539583333333333 0.44027777777777777 0.054578124999999984 0.7455324074074076
1 0.24688541666666666 0.601712962962963 0.15567187499999996 0.7965509259259259
0 0.25875 0.25266203703703705 0.009343750000000029 0.09842592592592592
0 0.2657083333333333 0.3306018518518518 0.015864583333333324 0.15275462962962966
0 0.22379166666666667 0.6149074074074073 0.010494791666666654 0.03254629629629617
0 0.205375 0.6365740740740741 0.023166666666666676 0.05606481481481488
0 0.18490625 0.6857175925925927 0.01935416666666665 0.06858796296296295
0 0.19117187500000002 0.7822685185185185 0.02940104166666669 0.13407407407407398
2 0.8574531249999999 0.5891435185185185 0.09174999999999993 0.8216898148148148
2 0.63184375 0.5577777777777778 0.0725833333333334 0.42925925925925923
2 0.6499427083333333 0.5588194444444444 0.09097916666666658 0.8823611111111112
1 0.75771875 0.575023148148148 0.15341145833333342 0.8118981481481482
0 0.7989375 0.6084722222222223 0.023973958333333437 0.053217592592592615
0 0.769140625 0.2228240740740741 0.009494791666666676 0.09694444444444443
0 0.77421875 0.2990277777777778 0.013114583333333247 0.1491203703703704
0 0.6959062500000001 0.24997685185185184 0.014953125000000018 0.1037962962962963
0 0.7117812499999999 0.2369212962962963 0.014067708333333448 0.10668981481481482
0 0.8009531249999999 0.24009259259259258 0.013770833333333362 0.10247685185185187
0 0.81653125 0.25340277777777775 0.01584375000000004 0.10537037037037036
0 0.8224374999999999 0.27872685185185186 0.018755208333333447 0.12432870370370369