2 0.353703125 0.4267592592592593 0.055802083333333384 0.247337962962963
2 0.30700520833333333 0.6338657407407408 0.0822291666666667 0.2822222222222222
1 0.24533333333333335 0.595925925925926 0.15502083333333333 0.8081481481481482
0 0.28086979166666665 0.6246064814814815 0.014359374999999968 0.055787037037037086
0 0.23708854166666665 0.8342592592592593 0.031020833333333366 0.04474537037037046
0 0.19515104166666666 0.7494907407407406 0.01772395833333332 0.06849537037037044
0 0.20967708333333332 0.8063657407407407 0.02215624999999998 0.094699074074074
0 0.18464583333333331 0.6650694444444445 0.019697916666666693 0.041921296296296325
0 0.18415625 0.7051851851851851 0.021994791666666676 0.06377314814814804
0 0.188421875 0.7786574074074074 0.030526041666666674 0.1268055555555555
0 0.20188020833333334 0.6266203703703703 0.018052083333333316 0.04886574074074077
0 0.2216979166666667 0.6060185185185185 0.00927083333333331 0.025902777777777903
0 0.24078125 0.5994444444444444 0.013786458333333347 0.027361111111111162
0 0.25817708333333333 0.6067361111111111 0.019041666666666696 0.02736111111111123
0 0.18354166666666666 0.27326388888888886 0.016661458333333337 0.10812500000000001
0 0.23302604166666668 0.2444675925925926 0.008942708333333311 0.10157407407407407
0 0.22670833333333332 0.33032407407407405 0.014359375000000027 0.1456481481481482
0 0.25649479166666667 0.2488425925925926 0.009932291666666693 0.09574074074074078
0 0.2630625 0.32284722222222223 0.013213541666666669 0.14893518518518517
0 0.3089791666666667 0.2355324074074074 0.010666666666666677 0.04361111111111112
0 0.2889947916666667 0.26013888888888886 0.01583854166666671 0.11104166666666669
0 0.3139427083333333 0.3004398148148148 0.016494791666666706 0.12962962962962962
0 0.302 0.3144675925925926 0.02133854166666668 0.1394675925925926
2 0.8920104166666667 0.7609722222222223 0.09018749999999992 0.4780555555555555
2 0.6825 0.4125 0.04702604166666665 0.30273148148148143
1 0.7535677083333333 0.5863657407407408 0.15633333333333327 0.8036342592592591
0 0.7975937500000001 0.6107175925925925 0.023635416666666725 0.06085648148148146
0 0.7957916666666667 0.42055555555555557 0.02002604166666657 0.07081018518518513
0 0.8121197916666667 0.4444444444444444 0.01821875000000001 0.0930324074074074
0 0.8157291666666667 0.48310185185185184 0.025442708333333286 0.08280092592592589
0 0.6970260416666666 0.4473611111111111 0.01616666666666665 0.09157407407407409
0 0.716921875 0.4232870370370371 0.012473958333333238 0.08719907407407411
0 0.69103125 0.22074074074074074 0.009109374999999887 0.04319444444444444
0 0.696734375 0.2911111111111111 0.02133854166666656 0.13284722222222226
0 0.68434375 0.27997685185185184 0.01789062499999995 0.11425925925925923
0 0.7097447916666667 0.2416898148148148 0.013703124999999972 0.1033333333333333
0 0.7430208333333332 0.23222222222222222 0.008864583333333323 0.09898148148148146
0 0.737359375 0.29747685185185185 0.012307291666666723 0.1492592592592593
0 0.7441718749999999 0.40215277777777775 0.00788020833333339 0.08868055555555555
0 0.76665625 0.22564814814814815 0.010177083333333314 0.10043981481481484
0 0.7648906249999999 0.41162037037037036 0.005828125000000029 0.0930324074074074
0 0.7733854166666667 0.2993055555555556 0.013786458333333229 0.14560185185185184
0 0.7997708333333333 0.24314814814814817 0.014854166666666658 0.10625000000000001
0 0.817453125 0.21856481481481482 0.00919270833333338 0.03518518518518516
0 0.8215989583333333 0.2809027777777778 0.019942708333333316 0.12337962962962966
0 0.8099479166666667 0.2967592592592592 0.019614583333333258 0.12958333333333336