2 0.117984375 0.8383796296296296 0.10115624999999999 0.3232407407407407
2 0.35375 0.610462962962963 0.05905729166666672 0.7790740740740739
1 0.2515625 0.6701388888888888 0.15729166666666666 0.6597222222222222
0 0.23589062500000002 0.4728935185185185 0.01356249999999998 0.15104166666666666
0 0.2972604166666667 0.414837962962963 0.013895833333333366 0.10844907407407413
0 0.31405208333333334 0.42291666666666666 0.01604687499999997 0.10990740740740745
0 0.321578125 0.4534259259259259 0.016213541666666723 0.1341435185185185
2 0.5888541666666666 0.6187731481481481 0.05698958333333337 0.27372685185185186
2 0.851046875 0.6266203703703703 0.08510937499999992 0.6459953703703705
1 0.7483177083333333 0.6435416666666667 0.17410416666666653 0.7128935185185186
0 0.6796302083333334 0.37349537037037034 0.016875000000000046 0.117662037037037
0 0.67053125 0.39645833333333336 0.018526041666666753 0.14520833333333338
0 0.6969531250000001 0.36118055555555556 0.015963541666666713 0.11877314814814816
0 0.767796875 0.4238425925925926 0.014557291666666573 0.16687499999999994
0 0.7961666666666667 0.3587962962962963 0.016708333333333294 0.117662037037037
0 0.8234583333333333 0.3966435185185185 0.021671875000000066 0.14189814814814816