1 0.2513020833333333 0.6678240740740741 0.1578125 0.6643518518518519
1 0.7502604166666667 0.6435185185185185 0.16927083333333334 0.7129629629629629
2 0.09775520833333333 0.7986342592592592 0.06716145833333333 0.3747453703703703
2 0.15226562500000002 0.7634953703703703 0.07190104166666665 0.47300925925925935
2 0.38328124999999996 0.6194675925925927 0.050463541666666716 0.26921296296296293
2 0.8999791666666667 0.5799305555555555 0.056369791666666676 0.2614583333333333
2 0.7381979166666667 0.586087962962963 0.049296875000000046 0.34504629629629635
0 0.18927083333333333 0.41099537037037037 0.016114583333333363 0.11476851851851848
0 0.20556770833333332 0.4020833333333333 0.014437500000000015 0.10668981481481489
0 0.2690885416666667 0.46217592592592593 0.014583333333333334 0.15233796296296298
0 0.29563020833333337 0.41131944444444446 0.01516666666666661 0.10893518518518519
0 0.31240104166666666 0.42215277777777777 0.01662500000000004 0.10796296296296293
0 0.3205677083333333 0.44581018518518517 0.018374999999999985 0.13581018518518523
0 0.3010260416666667 0.9253703703703704 0.008458333333333339 0.070763888888889