2 0.36105729166666667 0.7461574074074073 0.07683854166666665 0.47261574074074064
2 0.2838177083333333 0.45796296296296296 0.06304166666666665 0.27502314814814816
2 0.19304166666666667 0.5454398148148148 0.06547395833333335 0.23951388888888894
1 0.24609375 0.5983796296296297 0.1515625 0.8032407407407407
0 0.23386458333333332 0.25002314814814813 0.009807291666666688 0.09962962962962961
0 0.257640625 0.25062500000000004 0.009333333333333312 0.10083333333333337
0 0.2894947916666667 0.26233796296296297 0.014880208333333301 0.10622685185185189
0 0.307453125 0.274212962962963 0.01630208333333331 0.10893518518518522
0 0.26460416666666664 0.3304166666666667 0.013796874999999976 0.15518518518518523
0 0.23903645833333334 0.8366898148148147 0.030302083333333306 0.04641203703703693
0 0.258484375 0.6097685185185185 0.02117187499999999 0.03150462962962966
0 0.24140625 0.6076851851851851 0.014744791666666639 0.03331018518518515
0 0.22320833333333334 0.6130787037037038 0.009468749999999974 0.03210648148148149
0 0.210765625 0.6377314814814815 0.014338541666666652 0.057337962962962924
0 0.18580729166666668 0.6808564814814815 0.01988541666666664 0.06243055555555562
0 0.18601041666666665 0.7143518518518519 0.018937500000000006 0.048287037037037066
0 0.19710416666666666 0.753125 0.016776041666666686 0.07168981481481487
0 0.19027083333333333 0.7854398148148148 0.028812500000000026 0.1272916666666667
0 0.21066145833333336 0.8091666666666667 0.021578124999999972 0.10863425925925914
2 0.6739583333333333 0.5253935185185186 0.06411979166666673 0.5631944444444444
2 0.9295364583333333 0.7132638888888889 0.07473958333333333 0.43988425925925917
2 0.8345052083333333 0.5511111111111111 0.05918229166666673 0.46129629629629637
1 0.7552604166666667 0.5793287037037037 0.15638020833333333 0.8063194444444444
0 0.7988229166666667 0.6082638888888888 0.024348958333333334 0.05856481481481478
0 0.80071875 0.23981481481481481 0.014609375000000095 0.10324074074074073
0 0.8189791666666667 0.22057870370370372 0.010552083333333446 0.04074074074074073
0 0.8233437499999999 0.2784259259259259 0.018598958333333353 0.12935185185185183
0 0.8118072916666667 0.29150462962962964 0.020562500000000008 0.13446759259259264
0 0.7678125 0.2256712962962963 0.008994791666666658 0.0930324074074074
0 0.7734895833333333 0.2987037037037037 0.014947916666666571 0.14888888888888888
0 0.7443385416666667 0.2292824074074074 0.00940104166666676 0.10023148148148144
0 0.7380833333333333 0.29780092592592594 0.013796874999999886 0.15310185185185182
0 0.7110260416666667 0.24219907407407407 0.013796874999999886 0.10803240740740744
0 0.6926979166666667 0.2217824074074074 0.010958333333333315 0.043148148148148116
0 0.687015625 0.2796296296296296 0.01853124999999996 0.11974537037037035
0 0.6984479166666666 0.2929861111111111 0.021104166666666656 0.13145833333333334