2 0.37120833333333336 0.43226851851851855 0.04982291666666671 0.2538425925925925
2 0.3109166666666667 0.6331944444444445 0.05616666666666662 0.27488425925925924
2 0.335109375 0.5389583333333333 0.09345833333333337 0.9220833333333333
1 0.24609375 0.5960648148148148 0.15364583333333334 0.8078703703703703
0 0.2811875 0.6330787037037037 0.01309895833333338 0.061087962962962934
0 0.23823958333333334 0.8375694444444444 0.030421874999999984 0.048912037037037025
0 0.25900520833333335 0.6109490740740741 0.018833333333333317 0.030254629629629746
0 0.24161979166666667 0.605462962962963 0.015453124999999979 0.021944444444444485
0 0.22354166666666667 0.6113657407407408 0.008874999999999982 0.03106481481481472
0 0.20160416666666667 0.6325462962962963 0.01508854166666668 0.04662037037037034
0 0.20573958333333334 0.6404398148148148 0.020343749999999973 0.05437500000000002
0 0.18536458333333333 0.6801388888888888 0.020041666666666676 0.06937500000000006
0 0.186484375 0.715 0.019255208333333346 0.04254629629629628
0 0.19680208333333335 0.7509490740740742 0.016963541666666693 0.07148148148148147
0 0.2122552083333333 0.8110185185185186 0.02130729166666665 0.10578703703703714
0 0.18949999999999997 0.7816435185185185 0.030119791666666687 0.13020833333333334
0 0.2326875 0.24712962962962964 0.008447916666666682 0.09671296296296296
0 0.25719270833333335 0.25168981481481484 0.009177083333333336 0.10046296296296298
0 0.26467708333333334 0.3310648148148148 0.014484375 0.15189814814814817
0 0.28996875 0.26296296296296295 0.015572916666666714 0.10152777777777781
0 0.30765625 0.27462962962962967 0.01593749999999995 0.10606481481481483
0 0.3134479166666667 0.3175462962962963 0.01786458333333331 0.10604166666666667
2 0.8536145833333334 0.5997916666666667 0.07026041666666671 0.3996064814814815
2 0.6418697916666667 0.41099537037037037 0.049979166666666686 0.25810185185185186
1 0.7546250000000001 0.5750694444444444 0.1571770833333332 0.8008333333333332
0 0.7991406249999999 0.6030555555555556 0.024687500000000046 0.05201388888888895
0 0.8129322916666666 0.43986111111111115 0.017864583333333427 0.09314814814814817
0 0.7966614583333332 0.41907407407407404 0.02094270833333335 0.08108796296296303
0 0.8188177083333333 0.21886574074074072 0.010927083333333342 0.037476851851851845
0 0.8231927083333334 0.2755787037037037 0.01907291666666661 0.13212962962962965
0 0.8111197916666666 0.29032407407407407 0.01907291666666661 0.13479166666666664
0 0.8001666666666666 0.2371064814814815 0.01587500000000001 0.10613425925925925
0 0.768203125 0.22555555555555554 0.009296874999999953 0.09916666666666668
0 0.774390625 0.29608796296296297 0.013822916666666648 0.14900462962962965
0 0.7438802083333333 0.22918981481481482 0.008328124999999886 0.0983564814814815
0 0.7380520833333333 0.2996990740740741 0.014182291666666676 0.1481944444444444
0 0.7106510416666667 0.23898148148148146 0.01491145833333339 0.1045138888888889
0 0.6924218750000001 0.2215509259259259 0.0098385416666666 0.0428472222222222
0 0.6861145833333333 0.2784027777777778 0.01955729166666676 0.12432870370370372
0 0.6992708333333333 0.2907175925925926 0.01931770833333341 0.12754629629629632