1 0.25142708333333336 0.6658333333333333 0.1585416666666667 0.6683333333333334
2 0.34953125 0.6090046296296295 0.0810364583333333 0.7819907407407408
0 0.32118749999999996 0.4503009259259259 0.01786458333333331 0.12842592592592597
0 0.23565104166666667 0.47125 0.013182291666666639 0.14793981481481489
2 0.5870520833333334 0.616712962962963 0.05762499999999993 0.2691435185185185
2 0.9117708333333333 0.6026157407407408 0.05733854166666674 0.2665972222222222
1 0.749375 0.6466203703703703 0.17121875000000011 0.7067592592592594
0 0.6793645833333334 0.37236111111111114 0.016781249999999897 0.12303240740740735
0 0.67071875 0.39828703703703705 0.01966666666666678 0.14284722222222218
0 0.7668437499999999 0.42564814814814816 0.01527083333333342 0.16236111111111107
0 0.8241458333333332 0.398125 0.021104166666666656 0.1457407407407407