2 0.6639739583333333 0.32446759259259256 0.041494791666666704 0.2461805555555555
2 0.62421875 0.38773148148148145 0.04878645833333337 0.24921296296296291
2 0.34618229166666664 0.39699074074074076 0.04652604166666663 0.20601851851851852
2 0.37959895833333335 0.41858796296296297 0.04913020833333329 0.249212962962963
2 0.15407812499999998 0.38078703703703703 0.052953125 0.2199074074074074
1 0.25286458333333334 0.5207175925925925 0.15677083333333333 0.8469907407407407
1 0.758765625 0.49333333333333335 0.1616302083333333 0.8462268518518518
0 0.8070520833333333 0.14673611111111112 0.016437499999999973 0.11266203703703702
0 0.8282239583333334 0.12513888888888888 0.011963541666666562 0.04863425925925925
0 0.8329322916666667 0.19087962962962962 0.01878124999999997 0.14083333333333334
0 0.8201354166666667 0.20844907407407406 0.022317708333333287 0.1482175925925926
0 0.7733125 0.12719907407407408 0.00983333333333339 0.1036574074074074
0 0.7772708333333332 0.2190740740740741 0.013578125000000085 0.16023148148148147
0 0.7478750000000001 0.12523148148148147 0.009937499999999962 0.11127314814814816
0 0.7403854166666667 0.2142361111111111 0.01420312499999999 0.15979166666666667
0 0.748734375 0.3180324074074074 0.005411458333333267 0.10379629629629633
0 0.7681666666666668 0.45002314814814814 0.0031718750000000757 0.10418981481481479
0 0.7116145833333333 0.13657407407407407 0.015453125000000038 0.11546296296296295
0 0.6908802083333333 0.1156712962962963 0.011963541666666562 0.04819444444444443
0 0.6852135416666666 0.17944444444444443 0.018312499999999923 0.13877314814814817
0 0.317140625 0.18074074074074073 0.011031250000000032 0.04423611111111108
0 0.3221354166666667 0.2432638888888889 0.018937499999999947 0.12997685185185184
0 0.30977604166666667 0.2505324074074074 0.022838541666666618 0.13759259259259254
0 0.29705729166666667 0.19770833333333332 0.016645833333333353 0.10826388888888891
0 0.2656354166666667 0.1718287037037037 0.009989583333333336 0.10273148148148147
0 0.269484375 0.2504166666666667 0.015609375000000014 0.148912037037037
0 0.24149479166666668 0.16201388888888887 0.009572916666666664 0.10388888888888888
0 0.23265104166666667 0.24358796296296295 0.012692708333333335 0.1514583333333333
0 0.23920833333333333 0.3441666666666667 0.009156250000000022 0.09824074074074074
0 0.208125 0.16581018518518517 0.01409895833333336 0.10918981481481484
0 0.20867187499999998 0.3503935185185185 0.02091145833333332 0.07835648148148154
0 0.18976041666666665 0.14293981481481483 0.011703125000000014 0.04956018518518518
0 0.18375 0.20094907407407409 0.015817708333333336 0.1332175925925926
0 0.194703125 0.21886574074074072 0.01846875000000002 0.1436111111111111
0 0.6984270833333334 0.19793981481481482 0.021328124999999906 0.15032407407407408