2 0.85625 0.49918981481481484 0.06666666666666667 0.3409490740740741
2 0.800171875 0.3800462962962963 0.05520833333333333 0.07951388888888894
2 0.6461822916666667 0.6315509259259259 0.10485937499999996 0.7368750000000001
2 0.15859375 0.49569444444444444 0.06197916666666667 0.526875
2 0.28272395833333336 0.3858101851851852 0.028994791666666703 0.09879629629629631
1 0.2515625 0.533449074074074 0.159375 0.8647222222222224
1 0.7602447916666667 0.4994907407407408 0.16979166666666667 0.8585648148148147
0 0.80746875 0.14643518518518517 0.01536979166666678 0.10939814814814816
0 0.8285572916666666 0.12837962962962962 0.011083333333333438 0.053425925925925925
0 0.8330208333333334 0.1907175925925926 0.020015624999999915 0.1383564814814815
0 0.8209583333333333 0.20858796296296298 0.02269791666666663 0.15025462962962963
0 0.7735520833333334 0.13136574074074073 0.010989583333333285 0.11099537037037036
0 0.7777083333333333 0.2184953703703704 0.014833333333333342 0.16217592592592597
0 0.768015625 0.32074074074074077 0.0034843750000000282 0.10057870370370368
0 0.8021041666666666 0.33782407407407405 0.02252083333333322 0.07912037037037038
0 0.769265625 0.44442129629629634 0.005989583333333334 0.09773148148148154
0 0.747234375 0.31539351851851855 0.009291666666666743 0.10175925925925924
0 0.7477708333333334 0.12699074074074074 0.01036458333333338 0.11020833333333331
0 0.7397760416666667 0.21314814814814814 0.014921875000000048 0.16335648148148146
0 0.7110885416666667 0.1388888888888889 0.016531249999999886 0.11814814814814813
0 0.6904947916666667 0.11944444444444445 0.01197395833333322 0.05541666666666666
0 0.6849531249999999 0.17761574074074074 0.018765625000000105 0.13599537037037038
0 0.6978645833333333 0.19627314814814817 0.022249999999999895 0.14946759259259257
0 0.297015625 0.19574074074074074 0.016921875000000006 0.10622685185185184
0 0.3172760416666666 0.1798611111111111 0.010921875000000015 0.04451388888888887
0 0.322296875 0.23916666666666664 0.020291666666666687 0.12715277777777778
0 0.3106041666666667 0.25474537037037037 0.02319270833333332 0.13435185185185183
0 0.2655677083333333 0.17101851851851851 0.00997916666666668 0.09574074074074075
0 0.269609375 0.24995370370370373 0.015369791666666662 0.1487268518518519
0 0.24129687500000002 0.16083333333333336 0.009302083333333341 0.10233796296296298
0 0.2392395833333333 0.33877314814814813 0.008562500000000028 0.08666666666666666
0 0.233 0.24275462962962965 0.012942708333333346 0.14932870370370369
0 0.20765104166666667 0.16592592592592595 0.013484374999999993 0.1065277777777778
0 0.20927083333333335 0.35136574074074073 0.01941666666666665 0.0758796296296297
0 0.189515625 0.1401851851851852 0.010921875000000015 0.043032407407407415
0 0.18341666666666667 0.1979861111111111 0.015572916666666655 0.12868055555555558
0 0.19473958333333333 0.21865740740740738 0.019348958333333322 0.1400462962962963
0 0.183078125 0.3001388888888889 0.018942708333333336 0.09925925925925926