2 0.7924479166666667 0.5 0.0578125 1
2 0.586890625 0.41782407407407407 0.03316145833333337 0.2013888888888889
2 0.6194427083333333 0.45060185185185186 0.06527604166666663 0.22835648148148155
2 0.26293229166666665 0.5929861111111111 0.09357812499999998 0.8140277777777777
2 0.20928645833333331 0.33990740740740744 0.038369791666666646 0.2153009259259259
1 0.24496354166666665 0.5199537037037038 0.16006770833333336 0.8299999999999998
1 0.7430572916666667 0.5253472222222222 0.16666666666666666 0.8562268518518518
0 0.8075781249999999 0.17553240740740741 0.01527083333333342 0.1222685185185185
0 0.8147135416666667 0.2041203703703704 0.02020833333333343 0.1409027777777778
0 0.7866041666666667 0.17983796296296295 0.011338541666666656 0.09233796296296294
0 0.7534583333333333 0.15717592592592594 0.010401041666666562 0.1092361111111111
0 0.7598958333333333 0.2303472222222222 0.014604166666666647 0.16666666666666663
0 0.727984375 0.15627314814814816 0.010135416666666685 0.11337962962962961
0 0.694140625 0.1728703703703704 0.01647395833333339 0.1228472222222222
0 0.6766354166666667 0.18071759259259257 0.016807291666666658 0.12372685185185184
0 0.66803125 0.20960648148148148 0.019609375000000047 0.1370601851851852
0 0.29236979166666666 0.16826388888888888 0.013869791666666723 0.10180555555555554
0 0.3094427083333333 0.14710648148148148 0.010671875000000004 0.04462962962962963
0 0.30604166666666666 0.21983796296296296 0.01586979166666668 0.145625
0 0.31510937499999997 0.20678240740740741 0.0180052083333333 0.13141203703703705
0 0.2563229166666667 0.16650462962962964 0.00713541666666669 0.08638888888888888
0 0.23321354166666666 0.15819444444444444 0.009604166666666695 0.10537037037037039
0 0.19983333333333334 0.17449074074074072 0.015536458333333355 0.10831018518518516
0 0.1798958333333333 0.15377314814814816 0.011671874999999983 0.04314814814814813
0 0.17402604166666666 0.21449074074074073 0.018604166666666682 0.13495370370370371
0 0.18543229166666667 0.22516203703703702 0.021406250000000012 0.14444444444444446
0 0.6927968750000001 0.7491435185185185 0.022744791666666705 0.10013888888888887
0 0.238890625 0.7449074074074075 0.03333333333333333 0.053101851851851976