2 0.9533854166666667 0.6874074074074074 0.06822916666666666 0.22361111111111118
2 0.7805572916666667 0.7106481481481481 0.10277604166666662 0.5787037037037037
2 0.39479166666666665 0.726087962962963 0.0743072916666667 0.547824074074074
1 0.26536458333333335 0.6257638888888889 0.1609375 0.7484490740740741
1 0.7853281249999999 0.5987731481481482 0.16267187499999997 0.8024537037037036
0 0.8563333333333334 0.3060648148148148 0.018848958333333363 0.13712962962962966
0 0.8435989583333333 0.32710648148148147 0.021453125000000028 0.1502546296296296
0 0.8314687500000001 0.2653009259259259 0.015239583333333447 0.11354166666666662
0 0.796328125 0.2521527777777778 0.010125000000000028 0.10062500000000003
0 0.800890625 0.3372453703703704 0.014234374999999962 0.15493055555555557
0 0.7708645833333333 0.2557175925925926 0.009822916666666733 0.10775462962962966
0 0.7669270833333334 0.33891203703703704 0.014484374999999971 0.16048611111111108
0 0.7362760416666667 0.27152777777777776 0.016843750000000077 0.11710648148148149
0 0.7164270833333333 0.24437499999999998 0.011229166666666639 0.04495370370370374
0 0.7234427083333334 0.32675925925925925 0.023260416666666592 0.14736111111111114
0 0.7105833333333333 0.3112962962962963 0.02009895833333341 0.1409027777777778
0 0.33041666666666664 0.34423611111111113 0.01769270833333335 0.11770833333333336
0 0.313 0.3335648148148148 0.0164427083333333 0.11414351851851852
0 0.2782864583333333 0.31673611111111116 0.009677083333333296 0.10502314814814816
0 0.2524427083333333 0.31273148148148144 0.010125000000000028 0.10592592592592591
0 0.21890625 0.3297685185185185 0.016239583333333307 0.11280092592592593
0 0.19875520833333335 0.3026157407407407 0.010026041666666667 0.03888888888888892
0 0.205171875 0.38722222222222225 0.022859374999999994 0.1457407407407407
0 0.19294270833333332 0.3675231481481482 0.018447916666666644 0.14418981481481483