2 0.6717864583333333 0.4618518518518519 0.06441145833333337 0.3123842592592592
2 0.6170156250000001 0.5936805555555557 0.06735937499999996 0.3678935185185186
2 0.32196354166666663 0.5254398148148148 0.05191145833333337 0.14655092592592586
2 0.28715104166666666 0.6176851851851851 0.03680729166666671 0.37111111111111117
2 0.07864583333333333 0.6079398148148148 0.07048437500000002 0.35787037037037045
1 0.19930729166666666 0.5949074074074074 0.15555729166666665 0.8101851851851852
1 0.7572916666666667 0.5968287037037037 0.14652604166666663 0.8063194444444446
0 0.8077291666666666 0.276875 0.015604166666666686 0.10696759259259261
0 0.8273802083333333 0.2650925925925926 0.012734374999999905 0.04962962962962963
0 0.8212239583333333 0.3364583333333333 0.02234895833333326 0.12865740740740736
0 0.7764010416666667 0.2570138888888889 0.009447916666666601 0.10472222222222224
0 0.7526145833333333 0.25083333333333335 0.009109374999999887 0.09611111111111113
0 0.7022239583333333 0.2708796296296296 0.015432291666666724 0.10995370370370366
0 0.693875 0.2967361111111111 0.017286458333333362 0.1241898148148148
0 0.25731250000000006 0.3053240740740741 0.02293750000000001 0.1450925925925926
0 0.18794270833333335 0.2354398148148148 0.00986979166666669 0.0990509259259259
0 0.18912500000000002 0.414375 0.005484374999999986 0.10081018518518521
0 0.15534895833333331 0.25229166666666664 0.013833333333333305 0.11027777777777781
0 0.13852083333333332 0.26916666666666667 0.016447916666666673 0.12150462962962966
0 0.130890625 0.29050925925925924 0.01889062499999999 0.1267361111111111