2 0.903296875 0.3958333333333333 0.0461822916666667 0.1959953703703704
2 0.8602447916666667 0.3526388888888889 0.043401041666666626 0.2021759259259259
2 0.6149322916666667 0.4101157407407407 0.049307291666666704 0.1550925925925926
2 0.34479166666666666 0.43092592592592593 0.04375 0.1813194444444444
2 0.33671875 0.43201388888888886 0.0640625 0.7159027777777778
2 0.11206770833333331 0.3657638888888889 0.045312499999999985 0.18212962962962964
1 0.24965104166666666 0.5083796296296297 0.14514062499999997 0.8222916666666668
1 0.7582447916666666 0.5064351851851852 0.1571197916666667 0.857013888888889
0 0.8279739583333333 0.12606481481481482 0.012906250000000103 0.045740740740740755
0 0.8329739583333333 0.19106481481481483 0.019203124999999942 0.13733796296296297
0 0.8206562500000001 0.20902777777777778 0.023588541666666647 0.1430787037037037
0 0.8069479166666667 0.14428240740740741 0.015932291666666744 0.11240740740740741
0 0.7736406250000001 0.1313888888888889 0.010437499999999982 0.10307870370370373
0 0.7465937500000001 0.12687500000000002 0.01068229166666678 0.10773148148148147
0 0.6913958333333333 0.11659722222222221 0.011421874999999915 0.05150462962962963
0 0.6975052083333334 0.19599537037037038 0.022411458333333436 0.1472222222222222
0 0.6850625 0.17858796296296298 0.019140625 0.14254629629629628
0 0.322125 0.24141203703703706 0.01939062500000001 0.12550925925925926
0 0.3094375 0.2545601851851852 0.023031250000000014 0.1408564814814815
0 0.24117708333333335 0.16101851851851853 0.009385416666666656 0.10194444444444442
0 0.23284375 0.24030092592592592 0.013213541666666669 0.14525462962962962
0 0.20811458333333333 0.16787037037037036 0.014265624999999994 0.11018518518518518
0 0.19122395833333333 0.17405092592592591 0.014447916666666671 0.1087962962962963