2 0.100734375 0.4121527777777778 0.04706250000000001 0.2671527777777778
2 0.234828125 0.4317361111111111 0.05975000000000001 0.27368055555555554
2 0.369484375 0.44402777777777774 0.05514062500000003 0.24916666666666665
2 0.6817031250000001 0.424375 0.06010937500000004 0.6020138888888888
1 0.245859375 0.5672916666666666 0.1626875 0.8388194444444446
1 0.7511093750000001 0.5766666666666667 0.14926562500000004 0.8330555555555557
0 0.3066875 0.6202083333333334 0.027390625000000047 0.08138888888888889
0 0.234828125 0.20756944444444445 0.010062499999999997 0.10243055555555555
0 0.20284375 0.21819444444444447 0.014749999999999996 0.10618055555555553
0 0.18453124999999998 0.20763888888888887 0.010140625000000014 0.07465277777777778
0 0.19237500000000002 0.2734722222222222 0.01881250000000001 0.12319444444444441
0 0.679546875 0.2809027777777778 0.01857812499999998 0.13118055555555555
0 0.7353125 0.22375 0.01068750000000005 0.12076388888888889
0 0.759765625 0.21993055555555557 0.010453125000000086 0.12006944444444441
0 0.8098281249999999 0.2594444444444444 0.017718749999999873 0.12979166666666664