2 0.18309375 0.7249305555555556 0.08541145833333334 0.5501388888888888
2 0.3833697916666667 0.6040277777777777 0.05006770833333327 0.29087962962962954
1 0.24985416666666668 0.6725694444444444 0.14824479166666668 0.654861111111111
0 0.30096354166666667 0.9250231481481482 0.007442708333333314 0.06865740740740733
0 0.18965104166666666 0.4098611111111111 0.01636979166666664 0.10881944444444443
0 0.20566145833333332 0.40085648148148145 0.014999999999999977 0.10541666666666671
0 0.23407291666666669 0.4659259259259259 0.013796875000000005 0.15039351851851845
0 0.26962499999999995 0.46421296296296294 0.015380208333333319 0.15185185185185177
0 0.2956822916666667 0.41083333333333333 0.014942708333333362 0.11076388888888894
0 0.31276041666666665 0.42141203703703706 0.01626041666666668 0.10516203703703705
0 0.320203125 0.45206018518518515 0.01801041666666663 0.12752314814814808
0 0.7787395833333334 0.7473611111111111 0.02474479166666678 0.04666666666666659
0 0.8227760416666666 0.8738425925925926 0.01811979166666665 0.08550925925925938
2 0.572203125 0.8753935185185185 0.04631250000000004 0.2492129629629629
2 0.7570052083333334 0.5968981481481482 0.07761979166666677 0.33932870370370377
2 0.887671875 0.6515046296296296 0.05320833333333326 0.3098842592592593
1 0.7523541666666667 0.6436574074074074 0.16466145833333337 0.712662037037037
0 0.73896875 0.6784490740740741 0.003687499999999962 0.09719907407407409