2 0.11697395833333332 0.6356481481481482 0.06457291666666666 0.42358796296296297
2 0.32517708333333334 0.6724537037037037 0.05466145833333336 0.2405787037037038
1 0.25069270833333335 0.6702314814814815 0.15975000000000003 0.6595370370370369
0 0.30150520833333333 0.9264814814814815 0.007312499999999981 0.06425925925925924
0 0.2668125 0.880300925925926 0.015880208333333336 0.07456018518518527
0 0.23452604166666668 0.8745138888888889 0.01193229166666665 0.07583333333333331
0 0.23471875 0.7118055555555556 0.012317708333333321 0.09687500000000006
0 0.2684947916666667 0.7128935185185186 0.016359375000000013 0.09474537037037026
0 0.30434375 0.6925925925925925 0.010104166666666714 0.03275462962962958
0 0.28855729166666666 0.5903703703703704 0.013182291666666639 0.07641203703703708
0 0.26137499999999997 0.5749768518518518 0.009817708333333345 0.09694444444444443
0 0.208734375 0.5873842592592593 0.02194270833333333 0.07898148148148149
0 0.18626041666666668 0.37467592592592597 0.010682291666666661 0.04275462962962969
0 0.19294791666666666 0.45631944444444444 0.02117187499999999 0.12907407407407406
0 0.18053645833333334 0.43729166666666663 0.017515624999999996 0.12951388888888887
0 0.20527083333333335 0.4035185185185185 0.015010416666666693 0.10474537037037036
0 0.238375 0.39155092592592594 0.008083333333333324 0.0979166666666667
0 0.23515104166666667 0.46293981481481483 0.012223958333333347 0.14662037037037046
0 0.24078125 0.571574074074074 0.003270833333333319 0.09011574074074076
0 0.26223958333333336 0.3904861111111111 0.00962500000000001 0.10004629629629636
0 0.2695520833333333 0.4663657407407407 0.012703125000000022 0.15344907407407413
0 0.2955364583333333 0.4092824074074074 0.01463020833333329 0.10344907407407407
0 0.31165625 0.42467592592592596 0.017031250000000022 0.11712962962962968
0 0.31978645833333336 0.45034722222222223 0.01693749999999999 0.134212962962963
2 0.668828125 0.6277546296296296 0.060630208333333255 0.3308101851851851
2 0.8996979166666667 0.6040277777777777 0.058510416666666745 0.27907407407407414
1 0.7516875 0.6424305555555555 0.16667708333333334 0.715138888888889
0 0.7395156249999999 0.5426851851851852 0.004713541666666762 0.10081018518518514
0 0.7397552083333333 0.6831481481481482 0.004234375000000057 0.10372685185185172
0 0.7615052083333332 0.5412037037037037 0.00923958333333322 0.09354166666666659
0 0.761984375 0.6795138888888889 0.0082760416666666 0.10071759259259257
0 0.7785364583333333 0.7505092592592594 0.0182864583333334 0.037407407407407334
0 0.8196302083333333 0.8225694444444445 0.0215572916666666 0.05745370370370382
0 0.8219895833333334 0.8770833333333333 0.017609374999999972 0.0852314814814816