1 0.251078125 0.6707638888888888 0.15715104166666666 0.6584722222222223
2 0.10553125000000001 0.652337962962963 0.056838541666666666 0.2729629629629629
2 0.38087499999999996 0.6030092592592593 0.04580208333333336 0.29837962962962955
2 0.39689583333333334 0.8805324074074073 0.06189062499999996 0.23893518518518525
0 0.20896875 0.5875 0.020406249999999973 0.07831018518518522
0 0.18659895833333331 0.37395833333333334 0.01090104166666664 0.03530092592592592
0 0.19258333333333333 0.4542824074074074 0.02286979166666665 0.13685185185185186
0 0.20574479166666665 0.3993518518518519 0.014625000000000022 0.10972222222222217
0 0.23476041666666667 0.4647685185185185 0.01349479166666665 0.14895833333333325
0 0.24084375 0.5756944444444444 0.005052083333333357 0.09011574074074069
0 0.23406249999999998 0.7109722222222222 0.012765624999999996 0.0888657407407407
0 0.2623125 0.3934490740740741 0.009437499999999972 0.09789351851851856
0 0.26972395833333335 0.46743055555555557 0.014291666666666696 0.14835648148148156
0 0.2614166666666667 0.5736111111111112 0.009640624999999995 0.09189814814814819
0 0.26832812500000003 0.7108101851851851 0.015489583333333338 0.0915277777777777
0 0.2958177083333334 0.4082175925925926 0.015291666666666615 0.10379629629629623
0 0.3126041666666667 0.42238425925925926 0.016286458333333323 0.10851851851851851
0 0.320046875 0.4507407407407407 0.018411458333333287 0.1321296296296296
0 0.30100520833333333 0.9237731481481481 0.0070468749999999854 0.06245370370370375
0 0.7755416666666667 0.7502546296296296 0.02346354166666676 0.043356481481481524
0 0.820015625 0.8214351851851852 0.020671875000000027 0.06162037037037038
0 0.8229375 0.875625 0.018546875000000067 0.09025462962962966
0 0.7624791666666667 0.5455555555555556 0.008640625000000075 0.10076388888888882
0 0.7615833333333334 0.6808333333333333 0.00884375000000001 0.09951388888888892
0 0.739546875 0.6852546296296296 0.003989583333333257 0.1024768518518518
2 0.7361875 0.5930787037037036 0.0464687499999999 0.3199074074074073
2 0.891109375 0.573587962962963 0.044536458333333445 0.25729166666666675
1 0.7510416666666667 0.6458333333333334 0.16666666666666666 0.7083333333333334