2 0.753671875 0.9252777777777779 0.09559375 0.1494444444444444
2 0.6168125 0.47875 0.05899999999999998 0.2450694444444444
2 0.3578125 0.7847222222222222 0.084375 0.4305555555555556
2 0.321140625 0.39298611111111115 0.03565624999999999 0.22055555555555553
1 0.24742187499999999 0.5820833333333333 0.15662500000000001 0.835763888888889
1 0.7477031249999999 0.5816666666666667 0.15899999999999997 0.8365972222222222
0 0.23178125 0.5381944444444444 0.012812499999999982 0.08500000000000006
0 0.1848125 0.2096527777777778 0.010875000000000013 0.04402777777777775
0 0.17928125 0.2673611111111111 0.01859375000000001 0.13159722222222225
0 0.19228125000000001 0.288125 0.021593749999999988 0.12972222222222218
0 0.203625 0.2336111111111111 0.015046874999999993 0.10743055555555554
0 0.2364375 0.22291666666666668 0.009609374999999965 0.10159722222222221
0 0.231640625 0.29659722222222223 0.012546874999999957 0.1498611111111111
0 0.239015625 0.39972222222222226 0.005015624999999968 0.08972222222222219
0 0.259015625 0.2201388888888889 0.010171874999999986 0.10222222222222224
0 0.266609375 0.3045138888888889 0.012812499999999982 0.14395833333333335
0 0.25709375 0.3998611111111111 0.0056406250000000215 0.08694444444444442
0 0.29314062500000004 0.23840277777777777 0.014343750000000011 0.10777777777777775
0 0.30990625 0.24618055555555557 0.01651562499999999 0.10465277777777776
0 0.317984375 0.28173611111111113 0.018734375000000015 0.12013888888888886
0 0.286109375 0.42166666666666663 0.012812499999999982 0.07798611111111109
0 0.305890625 0.44625000000000004 0.018953124999999994 0.09312499999999997
0 0.310453125 0.4779861111111111 0.025984374999999994 0.06680555555555559
0 0.29698437499999997 0.5254861111111111 0.026187499999999985 0.07819444444444439
0 0.304359375 0.5756944444444445 0.021453125000000028 0.07944444444444443
0 0.30729687499999997 0.6278472222222222 0.024515624999999996 0.06916666666666672
0 0.296734375 0.6713194444444445 0.027796875000000033 0.05395833333333341
0 0.80984375 0.6061805555555556 0.02578125 0.06930555555555548
0 0.684625 0.20180555555555552 0.01150000000000002 0.04381944444444444
0 0.6795 0.26152777777777775 0.02006250000000005 0.13229166666666664
0 0.692875 0.2711111111111111 0.02173437499999995 0.13291666666666668
0 0.704203125 0.2222222222222222 0.01303125000000005 0.10944444444444446
0 0.7361718749999999 0.2107638888888889 0.01150000000000002 0.10506944444444444
0 0.730390625 0.28423611111111113 0.015249999999999986 0.15611111111111114
0 0.7617499999999999 0.2134027777777778 0.01107812500000005 0.10722222222222223
0 0.7675 0.2867361111111111 0.013515624999999965 0.12395833333333339
0 0.795015625 0.22562500000000002 0.014218750000000035 0.11000000000000003
0 0.813375 0.1996527777777778 0.009828124999999943 0.04569444444444443
0 0.8187656249999999 0.2644444444444444 0.018531249999999843 0.12888888888888891
0 0.8062968749999999 0.2785416666666667 0.020062499999999962 0.13541666666666666