2 0.120625 0.6749768518518517 0.06565625 0.3008333333333334
2 0.16772916666666668 0.7682175925925926 0.04534895833333336 0.4635648148148148
2 0.37961979166666665 0.6303703703703704 0.05534895833333332 0.31680555555555556
1 0.25052083333333336 0.6678240740740741 0.15625 0.6643518518518519
0 0.26964583333333336 0.4675694444444445 0.015572916666666685 0.15407407407407409
0 0.189484375 0.4121296296296296 0.017098958333333355 0.10761574074074076
0 0.20563020833333334 0.40229166666666666 0.013510416666666695 0.10831018518518523
0 0.2956041666666666 0.4107638888888889 0.015572916666666714 0.1049074074074074
0 0.31197916666666664 0.4211111111111111 0.017026041666666696 0.10863425925925928
0 0.3197291666666667 0.44789351851851855 0.01801562499999996 0.12828703703703706
0 0.3012916666666667 0.9253472222222222 0.007864583333333286 0.06868055555555547
0 0.7791666666666667 0.7442129629629629 0.026109375000000056 0.04569444444444447
2 0.9019270833333334 0.5783101851851852 0.05481249999999989 0.2635648148148148
2 0.7379427083333333 0.603912037037037 0.048708333333333326 0.30460648148148156
1 0.7520625 0.6469212962962964 0.16581770833333329 0.7061574074074073