2 0.13101041666666666 0.6917824074074075 0.06793229166666667 0.3065277777777777
2 0.3591979166666667 0.6049537037037036 0.05269270833333337 0.29004629629629625
2 0.40336458333333336 0.6662037037037037 0.048520833333333374 0.2513194444444445
1 0.250453125 0.6674768518518519 0.15989583333333332 0.6650231481481481
0 0.30146875 0.925949074074074 0.007072916666666628 0.07347222222222224
0 0.2665520833333333 0.8790046296296297 0.015234375 0.07712962962962974
0 0.234265625 0.8739583333333334 0.012333333333333307 0.07430555555555561
0 0.23485416666666667 0.7085416666666666 0.01260416666666669 0.08608796296296282
0 0.19213541666666664 0.6035648148148148 0.019682291666666647 0.08976851851851846
0 0.18615104166666668 0.6303703703703704 0.02584895833333333 0.05872685185185186
0 0.19925520833333332 0.679537037037037 0.029385416666666647 0.09254629629629633
0 0.21417708333333335 0.7341435185185184 0.011156249999999979 0.04456018518518518
0 0.2678229166666667 0.7125694444444444 0.014145833333333347 0.09414351851851842
0 0.21222395833333335 0.5898611111111111 0.013604166666666669 0.0784953703703703
0 0.186015625 0.37789351851851855 0.01015625 0.041527777777777775
0 0.18034895833333334 0.4349074074074074 0.01786458333333331 0.12733796296296293
0 0.19331770833333334 0.450625 0.020223958333333354 0.1345833333333333
0 0.20538020833333331 0.39944444444444444 0.013515625000000024 0.10479166666666663
0 0.2384375 0.3912037037037037 0.009796874999999972 0.108425925925926
0 0.23526041666666667 0.46694444444444444 0.012515624999999985 0.14706018518518527
0 0.24066145833333333 0.5787731481481482 0.0060781249999999785 0.08453703703703706
0 0.26169791666666664 0.5769675925925926 0.008255208333333345 0.10106481481481475
0 0.2621979166666667 0.3958333333333333 0.01015625000000003 0.10560185185185186
0 0.26999999999999996 0.4701620370370371 0.014874999999999972 0.1535185185185185
0 0.2954375 0.4093287037037037 0.014057291666666671 0.10437499999999994
0 0.29085937500000003 0.5934953703703704 0.02031770833333333 0.07768518518518512
0 0.308 0.617662037037037 0.020135416666666708 0.09379629629629625
0 0.31471354166666665 0.38817129629629626 0.01179166666666672 0.05000000000000005
0 0.32088020833333336 0.4480092592592592 0.01686979166666672 0.13337962962962965
0 0.3102239583333333 0.4675462962962963 0.020041666666666676 0.13618055555555553
2 0.6150052083333333 0.574537037037037 0.0564114583333333 0.24129629629629631
1 0.7515625 0.6493055555555556 0.16770833333333332 0.7013888888888888
0 0.6871041666666666 0.7401620370370371 0.021947916666666602 0.10902777777777783
0 0.7054270833333334 0.7149768518518519 0.022312500000000075 0.09495370370370367
0 0.7388020833333333 0.5403009259259259 0.005625000000000094 0.09624999999999996
0 0.7392083333333334 0.6773148148148148 0.005531249999999943 0.11229166666666665
0 0.7628333333333334 0.5471527777777778 0.00834374999999999 0.1180092592592593
0 0.7620625000000001 0.6787268518518518 0.007708333333333428 0.10303240740740739
0 0.7753541666666667 0.7500462962962963 0.022494791666666694 0.04414351851851864
0 0.8197916666666667 0.8199768518518519 0.02067708333333324 0.059027777777777776
0 0.8219218749999999 0.8767824074074073 0.018593749999999905 0.08398148148148142