2 0.10098437499999999 0.6136342592592592 0.05274479166666666 0.24951388888888887
2 0.34156770833333333 0.6036805555555556 0.04665624999999996 0.7926388888888888
1 0.24938541666666664 0.6713425925925925 0.1540364583333333 0.6572916666666667
0 0.269640625 0.46791666666666665 0.016078124999999974 0.15296296296296294
0 0.189515625 0.4081018518518519 0.016020833333333328 0.11456018518518521
0 0.30124999999999996 0.9266435185185186 0.007432291666666657 0.06881944444444449
0 0.29570833333333335 0.4102777777777778 0.014619791666666633 0.1080787037037037
0 0.32025 0.4488425925925926 0.01863541666666665 0.12835648148148146
2 0.609375 0.7291666666666666 0.0625 0.5416666666666666
2 0.8975052083333334 0.5852083333333333 0.05914062500000009 0.2711574074074074
1 0.7513020833333334 0.6446759259259259 0.16614583333333333 0.7106481481481481