2 0.6624114583333333 0.36613425925925924 0.05572916666666667 0.20604166666666665
2 0.6124114583333333 0.5589351851851853 0.08767187499999997 0.560763888888889
2 0.3323802083333333 0.3460648148148148 0.04496354166666663 0.22763888888888892
2 0.16597395833333334 0.4795138888888889 0.04722395833333331 0.32476851851851857
2 0.06258854166666666 0.7762268518518518 0.09566145833333332 0.44752314814814825
1 0.24522395833333333 0.527662037037037 0.162328125 0.8454398148148149
1 0.741234375 0.5357407407407407 0.1647552083333333 0.8847685185185186
0 0.7250260416666666 0.49136574074074074 0.014906249999999944 0.09321759259259255
0 0.78884375 0.16671296296296295 0.016703125000000086 0.1196990740740741
0 0.8072708333333334 0.17553240740740741 0.01760416666666676 0.12067129629629629
0 0.8150260416666666 0.2064814814814815 0.018874999999999885 0.13597222222222224
0 0.7529687500000001 0.3477546296296296 0.009364583333333343 0.10226851851851854
0 0.7532291666666667 0.1575462962962963 0.010635416666666704 0.11800925925925923
0 0.7597083333333334 0.2327546296296296 0.013859375000000066 0.1618981481481481
0 0.7284375 0.16238425925925928 0.010484375000000056 0.12432870370370372
0 0.7238645833333333 0.2370833333333333 0.014833333333333342 0.16391203703703702
0 0.7310572916666668 0.3500925925925926 0.005244791666666752 0.10027777777777776
0 0.697875 0.3727083333333333 0.02127083333333341 0.09226851851851856
0 0.6940937500000001 0.17284722222222224 0.017453125000000114 0.12201388888888891
0 0.6727447916666667 0.1474074074074074 0.012208333333333361 0.047800925925925906
0 0.6795260416666667 0.22826388888888893 0.022020833333333437 0.1496064814814815
0 0.6683645833333334 0.21328703703703702 0.019177083333333417 0.1396296296296296
0 0.28635416666666663 0.35974537037037035 0.022171874999999966 0.08629629629629637
0 0.30448437500000003 0.3737037037037037 0.019473958333333385 0.0876157407407408
0 0.309125 0.4045138888888889 0.025765625000000014 0.05530092592592589
0 0.29669270833333333 0.45358796296296294 0.030859375 0.1008796296296296
0 0.30991145833333333 0.14391203703703703 0.01160937499999998 0.044143518518518506
0 0.3156041666666667 0.20613425925925924 0.01700520833333338 0.13530092592592594
0 0.3034739583333333 0.22143518518518518 0.019697916666666634 0.13928240740740744
0 0.2919010416666667 0.17268518518518516 0.015281249999999958 0.11168981481481481
0 0.25661979166666665 0.156875 0.009140624999999977 0.10337962962962963
0 0.2618229166666666 0.23592592592592593 0.01430729166666665 0.1582407407407407
0 0.254296875 0.3396064814814815 0.005994791666666662 0.08930555555555551
0 0.234484375 0.33993055555555557 0.009062499999999989 0.08331018518518521
0 0.2334375 0.16104166666666664 0.009963541666666664 0.10835648148148148
0 0.22553645833333333 0.23592592592592593 0.01438020833333334 0.1582407407407407
0 0.19935416666666667 0.17402777777777778 0.015203125000000029 0.11435185185185187
0 0.17980729166666667 0.1527314814814815 0.010562499999999985 0.04513888888888889
0 0.17336458333333335 0.21578703703703703 0.01865104166666664 0.13462962962962963
0 0.18482291666666667 0.23159722222222226 0.022098958333333307 0.14293981481481485
0 0.18194270833333331 0.41000000000000003 0.029062499999999977 0.06030092592592595
0 0.19283854166666667 0.4580787037037037 0.030635416666666693 0.0998842592592592
0 0.23941145833333335 0.7422222222222222 0.030901041666666688 0.03997685185185181
0 0.692359375 0.7495370370370371 0.023609374999999964 0.09319444444444443