2 0.15052083333333333 0.6018518518518519 0.06770833333333333 0.7962962962962963
2 0.33441145833333336 0.6016666666666667 0.046510416666666644 0.25319444444444444
2 0.38455208333333335 0.6091666666666667 0.050057291666666615 0.28972222222222216
1 0.25078125 0.67125 0.15573958333333332 0.6574999999999999
0 0.186453125 0.37407407407407406 0.010963541666666642 0.03805555555555555
0 0.19233854166666667 0.45266203703703706 0.021119791666666644 0.14152777777777775
0 0.20611979166666666 0.40289351851851857 0.014833333333333342 0.10643518518518523
0 0.23397395833333334 0.4641435185185185 0.013302083333333315 0.1501157407407408
0 0.30111979166666664 0.9233101851851852 0.007333333333333295 0.06532407407407413
0 0.2689166666666667 0.46555555555555556 0.013057291666666663 0.15296296296296294
0 0.29527604166666666 0.40844907407407405 0.01580208333333329 0.10680555555555553
0 0.31204166666666666 0.4233101851851852 0.013864583333333276 0.11145833333333328
0 0.32066666666666666 0.44837962962962963 0.016604166666666722 0.1329166666666667
0 0.7390364583333333 0.6813657407407407 0.006125000000000114 0.1044907407407407
0 0.780265625 0.7490740740740741 0.022489583333333247 0.04643518518518506
0 0.82275 0.8747916666666667 0.01878124999999997 0.09006944444444437
2 0.568421875 0.6537731481481481 0.05021875000000004 0.27141203703703703
2 0.8874375000000001 0.7093055555555556 0.055458333333333346 0.13171296296296292
1 0.7518125 0.6425925925925926 0.16629687499999998 0.7148148148148147