2 0.25694791666666666 0.4596296296296296 0.06590104166666669 0.27094907407407404
2 0.3352864583333333 0.6287268518518518 0.06598437500000003 0.2779398148148147
2 0.3991354166666667 0.47694444444444445 0.04881770833333334 0.25717592592592586
1 0.24627083333333336 0.5969444444444444 0.15675520833333337 0.8061111111111111
0 0.281578125 0.6299768518518518 0.012895833333333329 0.05974537037037025
0 0.238625 0.8375694444444444 0.030489583333333313 0.04756944444444434
0 0.21204166666666666 0.8132407407407407 0.022598958333333325 0.1023842592592593
0 0.19629687499999998 0.7473379629629631 0.016130208333333347 0.05490740740740747
0 0.25904166666666667 0.6102314814814815 0.020010416666666676 0.03178240740740745
0 0.24138541666666666 0.6057407407407408 0.01530729166666666 0.028541666666666694
0 0.22275520833333334 0.6091898148148148 0.010822916666666653 0.03543981481481476
0 0.2010625 0.6319907407407407 0.016604166666666663 0.04652777777777783
0 0.20613020833333331 0.640787037037037 0.020265624999999985 0.05648148148148143
0 0.185390625 0.6771990740740741 0.021046874999999982 0.06030092592592582
0 0.18627083333333333 0.7116898148148147 0.020656249999999984 0.060277777777777694
0 0.19015625 0.7783564814814815 0.02841666666666664 0.1322916666666666
0 0.233515625 0.24872685185185187 0.009489583333333348 0.10034722222222221
0 0.25740625 0.25055555555555553 0.008968750000000015 0.0982407407407407
0 0.2645416666666667 0.3299537037037037 0.015052083333333322 0.15240740740740738
0 0.2903541666666667 0.26425925925925925 0.016213541666666723 0.10453703703703707
0 0.31018749999999995 0.24106481481481482 0.011041666666666691 0.04668981481481479
0 0.31458854166666667 0.30439814814814814 0.01810937499999999 0.13307870370370373
0 0.303140625 0.31807870370370367 0.02238020833333335 0.1393981481481481
2 0.5929739583333333 0.8221990740740741 0.07590104166666668 0.35560185185185184
2 0.8488854166666666 0.5874074074074074 0.072796875 0.3460648148148148
2 0.740984375 0.40958333333333335 0.05364583333333333 0.40439814814814806
1 0.7553333333333333 0.5804861111111111 0.15768749999999987 0.7987962962962962
0 0.79878125 0.6075 0.023046875 0.05562499999999994
0 0.7967916666666667 0.42050925925925925 0.020848958333333438 0.07499999999999994
0 0.8129166666666666 0.4405787037037037 0.018057291666666704 0.09398148148148154
0 0.8192083333333334 0.2174537037037037 0.00926562499999998 0.035787037037037055
0 0.8233385416666666 0.27787037037037043 0.018114583333333437 0.1302314814814815
0 0.810390625 0.2950231481481481 0.018354166666666553 0.13814814814814813
0 0.8009479166666666 0.23949074074074073 0.014906249999999944 0.10361111111111108
0 0.7684010416666667 0.2262962962962963 0.009208333333333247 0.09833333333333331
0 0.7738645833333333 0.29555555555555557 0.01300520833333323 0.14974537037037036
0 0.7657291666666667 0.4025694444444444 0.002671875000000057 0.08134259259259256
0 0.7436614583333333 0.22747685185185185 0.008432291666666696 0.09805555555555552
0 0.7380520833333333 0.29965277777777777 0.014432291666666685 0.15002314814814816
0 0.7183020833333333 0.4247453703703704 0.013541666666666667 0.0834490740740741
0 0.7108177083333334 0.24013888888888887 0.015203125000000029 0.10229166666666666
0 0.6922291666666667 0.21680555555555556 0.010098958333333267 0.03710648148148148
0 0.6983437499999999 0.28974537037037035 0.021145833333333287 0.13814814814814813
0 0.6863489583333333 0.27997685185185184 0.01853124999999996 0.12388888888888891
0 0.6982864583333334 0.44189814814814815 0.01746354166666677 0.09134259259259254