2 0.12006770833333331 0.5994444444444444 0.04250520833333333 0.23569444444444448
2 0.163890625 0.7114583333333334 0.07397916666666665 0.34842592592592586
2 0.36030729166666664 0.6454629629629629 0.05461979166666661 0.2675694444444445
0 0.19357291666666668 0.6106018518518518 0.018276041666666683 0.09557870370370368
0 0.26923958333333337 0.7169212962962962 0.015296874999999972 0.09460648148148149
0 0.30964583333333334 0.6182638888888888 0.018953125000000053 0.08986111111111116
0 0.3162447916666667 0.3957407407407408 0.011166666666666695 0.04187499999999994
0 0.32186458333333334 0.4479166666666667 0.01563541666666666 0.12513888888888888
0 0.311 0.4681944444444444 0.018953125000000053 0.14467592592592593
0 0.29682291666666666 0.410162037037037 0.014281250000000039 0.10680555555555553
0 0.2635208333333333 0.3957407407407408 0.009947916666666678 0.10201388888888888
0 0.23902083333333335 0.3939351851851852 0.009677083333333355 0.09840277777777776
0 0.23563541666666668 0.4690972222222222 0.013739583333333331 0.1525
0 0.24172916666666666 0.5776851851851852 0.004265625000000028 0.08687499999999994
0 0.206296875 0.402337962962963 0.014619791666666692 0.10620370370370369
0 0.188125 0.37918981481481484 0.011437500000000019 0.04187499999999994
0 0.18148958333333332 0.44039351851851855 0.017124999999999998 0.13115740740740733
0 0.19377604166666668 0.458125 0.02070833333333333 0.13655092592592594
1 0.2518229166666667 0.6712962962962963 0.15677083333333333 0.6574074074074074
2 0.8710052083333333 0.6456481481481482 0.07364062499999993 0.3220833333333333
2 0.64609375 0.7445601851851852 0.06375520833333326 0.5108796296296296
1 0.7488697916666667 0.644537037037037 0.17387500000000009 0.710925925925926
0 0.6761145833333334 0.3350231481481481 0.01076041666666659 0.04377314814814821
0 0.6710729166666667 0.4017824074074074 0.017598958333333314 0.1411805555555556
0 0.6839322916666667 0.4147222222222222 0.021656249999999964 0.14898148148148152
0 0.6970624999999999 0.3605787037037037 0.015432291666666724 0.11293981481481487
0 0.7340833333333333 0.34675925925925927 0.009609374999999904 0.10932870370370372
0 0.7275833333333334 0.43125 0.015567708333333267 0.1640277777777778
0 0.7365520833333333 0.5475 0.005755208333333428 0.10469907407407406
0 0.7282291666666667 0.6965046296296296 0.014822916666666686 0.09289351851851851
0 0.7657916666666666 0.6966435185185185 0.015500000000000114 0.10222222222222214
0 0.7608177083333333 0.3473611111111111 0.010286458333333333 0.11053240740740741
0 0.707515625 0.5864351851851852 0.00859375 0.05326388888888894
0 0.7670416666666667 0.4291435185185185 0.014619791666666751 0.1658333333333333
0 0.8070468749999999 0.8018981481481482 0.01746354166666677 0.0720833333333333
0 0.7953697916666667 0.359375 0.016447916666666628 0.12254629629629629
0 0.8171302083333334 0.331712962962963 0.011911458333333276 0.04317129629629624
0 0.8113072916666667 0.419375 0.021927083333333285 0.14928240740740742
0 0.8243697916666667 0.4014814814814815 0.01963020833333336 0.14659722222222218