1 0.2515625 0.6701388888888888 0.15625 0.6597222222222222
2 0.3553645833333333 0.5806250000000001 0.04616145833333339 0.2235879629629629
2 0.3833072916666667 0.6060185185185185 0.051098958333333284 0.295300925925926
2 0.17703645833333334 0.810162037037037 0.08369791666666664 0.3796527777777778
0 0.18663541666666666 0.3764120370370371 0.011208333333333324 0.04157407407407403
0 0.19282812500000002 0.4514351851851852 0.02202083333333332 0.13939814814814808
0 0.20591666666666666 0.4012962962962963 0.015281250000000017 0.10877314814814817
0 0.23385416666666667 0.46694444444444444 0.013947916666666652 0.15296296296296294
0 0.269671875 0.46622685185185186 0.015046875000000022 0.1515740740740741
0 0.29635416666666664 0.40844907407407405 0.014343749999999982 0.10562499999999998
0 0.31308854166666666 0.42166666666666663 0.017239583333333287 0.10423611111111118
0 0.32002083333333337 0.44881944444444444 0.01779166666666671 0.1306944444444444
0 0.3012916666666667 0.9251851851851852 0.006973958333333386 0.06634259259259252
2 0.565203125 0.6396296296296297 0.0536041666666667 0.26150462962962967
2 0.797015625 0.7019675925925926 0.054072916666666755 0.2259490740740741
1 0.7523072916666667 0.6438425925925926 0.16606250000000009 0.7122916666666668
0 0.7386302083333334 0.6788194444444444 0.004703125000000104 0.09956018518518517
0 0.8228385416666666 0.8752314814814816 0.018729166666666686 0.08831018518518513
0 0.7802083333333333 0.7530092592592593 0.021239583333333437 0.045902777777777876