2 0.109578125 0.459837962962963 0.041010416666666674 0.24886574074074072
2 0.14775 0.47541666666666665 0.07429166666666666 0.7672685185185186
1 0.24577604166666667 0.597013888888889 0.15778125000000004 0.8059722222222221
2 0.216609375 0.5252314814814815 0.06812499999999998 0.949537037037037
0 0.28077083333333336 0.6259953703703703 0.013411458333333333 0.059143518518518415
0 0.23618750000000002 0.830625 0.02897395833333333 0.04643518518518506
0 0.21171354166666667 0.8019212962962963 0.019182291666666688 0.09342592592592595
0 0.25801562499999997 0.6059953703703704 0.019770833333333352 0.03655092592592591
0 0.24191145833333336 0.6016435185185186 0.015953125 0.02784722222222216
0 0.20858333333333334 0.6314351851851852 0.012921874999999972 0.048287037037037066
0 0.22096354166666668 0.6079629629629629 0.014781249999999998 0.03958333333333339
0 0.183328125 0.6766666666666666 0.017229166666666688 0.0691203703703704
0 0.18386979166666664 0.7155787037037037 0.015369791666666662 0.06432870370370362
0 0.184703125 0.77125 0.019968750000000018 0.1060416666666668
0 0.203984375 0.7656018518518519 0.013505208333333307 0.0686342592592592
0 0.23208854166666668 0.2464814814814815 0.009359375000000014 0.0982175925925926
0 0.25578125 0.24712962962962964 0.01015625 0.09692129629629631
0 0.26307291666666666 0.3253009259259259 0.015312500000000017 0.14685185185185184
0 0.28915624999999995 0.25953703703703707 0.015963541666666713 0.10562499999999998
0 0.309765625 0.2350462962962963 0.010739583333333276 0.043726851851851885
0 0.31354166666666666 0.3003240740740741 0.01828645833333328 0.11946759259259263
0 0.30251041666666667 0.31273148148148144 0.022348958333333377 0.1410648148148148
2 0.8279322916666667 0.5622453703703704 0.07256250000000009 0.8755092592592594
2 0.8533281250000001 0.7637962962962962 0.07981770833333333 0.4723842592592593
2 0.6335729166666667 0.42037037037037034 0.05028645833333343 0.2563888888888889
1 0.7537708333333334 0.5855324074074074 0.15716666666666654 0.8156712962962963
0 0.8175520833333334 0.22180555555555553 0.010447916666666638 0.039837962962962985
0 0.82190625 0.2791898148148148 0.019156250000000104 0.12879629629629633
0 0.81040625 0.29303240740740744 0.02009895833333341 0.1371759259259259
0 0.7994479166666667 0.24243055555555557 0.014151041666666704 0.10689814814814816
0 0.7661822916666666 0.22664351851851852 0.009286458333333296 0.09465277777777775
0 0.772671875 0.30111111111111116 0.014296874999999905 0.1468287037037037
0 0.7955677083333333 0.41993055555555553 0.02017187500000001 0.0716435185185185
0 0.8118593749999999 0.44263888888888886 0.017197916666666656 0.08807870370370373
0 0.7957864583333334 0.6112731481481481 0.019156250000000104 0.05768518518518516
0 0.6970260416666666 0.4465046296296296 0.017562499999999894 0.09581018518518515
0 0.6911510416666666 0.22164351851851852 0.01015625 0.0427314814814815
0 0.6973177083333333 0.2948148148148148 0.021041666666666715 0.13104166666666664
0 0.6851666666666667 0.2824074074074074 0.019229166666666703 0.12233796296296298
0 0.7094374999999999 0.24210648148148148 0.014802083333333372 0.11268518518518521
0 0.7425989583333333 0.2340509259259259 0.010015625000000009 0.10303240740740739
0 0.7366458333333333 0.300462962962963 0.012624999999999886 0.14555555555555555