2 0.8684010416666667 0.7395833333333334 0.09097395833333337 0.5208333333333334
2 0.6247395833333333 0.5597453703703704 0.08107812500000004 0.36175925925925917
2 0.34053645833333335 0.513425925925926 0.050869791666666705 0.48520833333333335
2 0.13975520833333333 0.5736111111111112 0.06770833333333333 0.42037037037037045
2 0.2569427083333333 0.8476157407407408 0.09722395833333332 0.30476851851851844
1 0.24505208333333334 0.5295833333333333 0.1585052083333333 0.841574074074074
1 0.7425364583333334 0.5368981481481482 0.16909895833333338 0.8639351851851852
0 0.7881354166666666 0.1635185185185185 0.015958333333333265 0.1150925925925926
0 0.8065833333333334 0.17238425925925926 0.017499999999999953 0.11671296296296298
0 0.815421875 0.20078703703703701 0.019765624999999905 0.13724537037037035
0 0.6758697916666667 0.18094907407407407 0.01672916666666661 0.11569444444444442
0 0.6682552083333333 0.2079398148148148 0.01963020833333336 0.13743055555555556
0 0.6941145833333333 0.17469907407407406 0.016499999999999914 0.11530092592592593
0 0.29170833333333335 0.17210648148148147 0.015411458333333291 0.1100925925925926
0 0.3076666666666667 0.18016203703703704 0.016500000000000032 0.1100925925925926
0 0.3143958333333333 0.20895833333333333 0.018630208333333325 0.13141203703703705
0 0.19972916666666668 0.17743055555555556 0.015052083333333322 0.11069444444444443
0 0.18332291666666667 0.18962962962962962 0.01668229166666665 0.10886574074074075
0 0.17477604166666666 0.2149074074074074 0.01998958333333333 0.1291898148148148