2 0.746875 0.3599537037037037 0.04235937499999996 0.22456018518518517
2 0.7717864583333333 0.8534027777777778 0.08003645833333337 0.29319444444444437
2 0.65703125 0.5196759259259259 0.10399479166666671 0.9606481481481481
2 0.12855729166666668 0.3765509259259259 0.047046874999999995 0.2345833333333333
2 0.090453125 0.4286111111111111 0.03854166666666667 0.22296296296296295
1 0.24418229166666666 0.5230324074074074 0.16024479166666664 0.8361805555555556
1 0.743140625 0.528425925925926 0.16510416666666666 0.8624074074074074
0 0.806921875 0.17666666666666664 0.01721874999999997 0.12375000000000001
0 0.8151614583333333 0.20525462962962962 0.018984374999999904 0.13192129629629631
0 0.7883802083333333 0.1662037037037037 0.015453125000000038 0.11592592592592593
0 0.7537291666666667 0.1552546296296296 0.009416666666666629 0.10381944444444444
0 0.7597604166666667 0.23141203703703703 0.012656250000000095 0.1580555555555556
0 0.7276822916666668 0.1550925925925926 0.010302083333333437 0.10675925925925928
0 0.6942760416666667 0.1751851851851852 0.017067708333333324 0.12407407407407406
0 0.6732708333333334 0.1420138888888889 0.012583333333333257 0.04138888888888889
0 0.6791927083333333 0.2287962962962963 0.02369270833333322 0.15282407407407403
0 0.6690364583333334 0.21671296296296297 0.018098958333333335 0.13518518518518519
0 0.31053125000000004 0.14351851851851852 0.009640624999999995 0.041111111111111105
0 0.3139895833333333 0.20675925925925925 0.015083333333333353 0.13164351851851852
0 0.30291666666666667 0.2187037037037037 0.02016145833333335 0.1391666666666667
0 0.2915885416666667 0.17097222222222222 0.015156249999999953 0.1090972222222222
0 0.257078125 0.15773148148148147 0.009416666666666688 0.09898148148148146
0 0.2617864583333333 0.23601851851851852 0.012947916666666644 0.15418981481481478
0 0.233203125 0.16067129629629628 0.009489583333333348 0.09833333333333331
0 0.19983854166666667 0.17652777777777778 0.015598958333333357 0.11368055555555553
0 0.179859375 0.15462962962962962 0.010229166666666659 0.03719907407407406
0 0.18534375 0.2301388888888889 0.02266145833333333 0.14243055555555556
0 0.17415624999999998 0.2142824074074074 0.017953125000000014 0.14013888888888887