2 0.9008697916666667 0.4166666666666667 0.05520833333333333 0.2221990740740741
2 0.75390625 0.4085648148148148 0.0477447916666667 0.2137268518518518
2 0.6871510416666666 0.44481481481481483 0.0618072916666667 0.20907407407407405
2 0.446875 0.7434490740740741 0.0743072916666667 0.5131018518518518
2 0.11119791666666666 0.4945601851851852 0.05399479166666666 0.331712962962963
2 0.24774479166666669 0.35648148148148145 0.05451562499999998 0.22532407407407412
1 0.24235937499999996 0.5288194444444444 0.1583333333333333 0.8246064814814815
1 0.7401927083333334 0.5357407407407407 0.16267187499999997 0.8847685185185186
0 0.78803125 0.16458333333333333 0.015588541666666582 0.11687500000000002
0 0.8069270833333333 0.17671296296296296 0.016510416666666573 0.11722222222222221
0 0.8139531249999999 0.2024537037037037 0.02211458333333335 0.14483796296296295
0 0.7275208333333333 0.15537037037037038 0.01128645833333337 0.10527777777777775
0 0.694265625 0.175 0.01697395833333341 0.12062500000000001
0 0.6764895833333333 0.18405092592592595 0.017510416666666608 0.1216435185185185
0 0.6682708333333333 0.21030092592592592 0.021041666666666715 0.1400694444444444
0 0.25738020833333336 0.15997685185185184 0.010213541666666675 0.09743055555555556
0 0.2914010416666667 0.173125 0.015281249999999958 0.1066435185185185
0 0.3095625 0.14462962962962964 0.010906250000000029 0.046250000000000006
0 0.315015625 0.2055324074074074 0.017203124999999986 0.13733796296296297
0 0.303765625 0.22497685185185184 0.020041666666666676 0.1420833333333333
0 0.1999375 0.17430555555555555 0.01513020833333331 0.11243055555555553
0 0.18035416666666665 0.15162037037037038 0.011286458333333312 0.04317129629629631
0 0.17370833333333333 0.21337962962962964 0.017203124999999986 0.13254629629629627
0 0.18615104166666668 0.23196759259259261 0.020583333333333325 0.1390277777777778