2 0.8546875 0.6539583333333333 0.06493229166666671 0.43745370370370373
2 0.6256927083333333 0.5127546296296296 0.04027604166666663 0.11803240740740743
2 0.2669270833333333 0.9324768518518518 0.05642187499999999 0.13502314814814825
2 0.05546875 0.518912037037037 0.047046874999999995 0.13655092592592594
1 0.20026041666666666 0.6006944444444444 0.1522552083333333 0.7986111111111112
1 0.7615468750000001 0.5929861111111111 0.15329687499999997 0.8140277777777777
0 0.8212083333333333 0.333125 0.023671874999999905 0.13606481481481486
0 0.808296875 0.27319444444444446 0.01629687499999998 0.10844907407407406
0 0.7025677083333334 0.2670601851851852 0.016218749999999935 0.10981481481481481
0 0.6939218749999999 0.2972685185185185 0.018140624999999962 0.12585648148148149
0 0.25714583333333335 0.3008564814814815 0.02236979166666669 0.14326388888888886
0 0.15472395833333333 0.2540740740740741 0.015067708333333308 0.10777777777777782
0 0.13843229166666668 0.261412037037037 0.016296874999999995 0.11222222222222224