2 0.62890625 0.47564814814814804 0.0616302083333333 0.3324768518518518
2 0.442359375 0.6530787037037037 0.06527604166666663 0.37868055555555563
2 0.145484375 0.46023148148148146 0.04791666666666667 0.2707870370370371
2 0.11197916666666667 0.5486111111111112 0.08159895833333332 0.9027777777777778
1 0.24435937500000002 0.5226388888888889 0.15711979166666665 0.843125
1 0.7430572916666667 0.5365277777777777 0.16666666666666666 0.8708796296296297
0 0.78878125 0.1686574074074074 0.015583333333333371 0.1096527777777778
0 0.80615625 0.17185185185185184 0.018093749999999888 0.11601851851851853
0 0.8143072916666667 0.2025 0.021854166666666685 0.13747685185185188
0 0.69384375 0.1724537037037037 0.0164791666666666 0.11321759259259258
0 0.6765156250000001 0.18696759259259257 0.016749999999999925 0.12236111111111109
0 0.6700208333333334 0.21164351851851854 0.01898958333333335 0.13986111111111113
0 0.3076510416666667 0.17979166666666668 0.016119791666666692 0.11199074074074072
0 0.31441145833333334 0.20884259259259258 0.019791666666666666 0.13027777777777777
0 0.291796875 0.1718287037037037 0.014869791666666642 0.11199074074074072
0 0.257 0.15949074074074077 0.010656250000000018 0.09530092592592594
0 0.19968229166666665 0.1770138888888889 0.015135416666666639 0.10641203703703704
0 0.17957291666666667 0.1555324074074074 0.011640625000000012 0.04752314814814815
0 0.1734375 0.2162037037037037 0.01818229166666665 0.13305555555555554
0 0.18602083333333336 0.22953703703703704 0.02095833333333334 0.14777777777777776