2 0.8739583333333333 0.5405092592592593 0.07291666666666667 0.9189814814814815
2 0.6765625 0.6210648148148148 0.06493229166666671 0.39951388888888895
2 0.85703125 0.44604166666666667 0.04461979166666671 0.2437268518518519
2 0.309546875 0.47108796296296296 0.051041666666666666 0.1396064814814815
2 0.38446354166666663 0.7020601851851852 0.06579687499999996 0.3300462962962964
2 0.08776041666666666 0.643125 0.08003645833333331 0.7137268518518519
1 0.2 0.5949074074074074 0.1569427083333333 0.8101851851851852
1 0.7643229166666666 0.5987731481481482 0.15885416666666666 0.8024537037037036
0 0.8273645833333333 0.2621759259259259 0.011765625000000076 0.04805555555555553
0 0.8206302083333333 0.34168981481481486 0.022395833333333334 0.1283101851851852
0 0.8332135416666666 0.32215277777777773 0.01991666666666655 0.12706018518518516
0 0.8083333333333333 0.2752314814814815 0.01410416666666663 0.10252314814814817
0 0.7758385416666667 0.25604166666666667 0.009354166666666686 0.09560185185185181
0 0.7528020833333334 0.25224537037037037 0.010062500000000085 0.10064814814814815
0 0.7153802083333333 0.18516203703703701 0.014598958333333438 0.1113888888888889
0 0.7019479166666667 0.2653240740740741 0.015380208333333438 0.11733796296296296
0 0.6940781250000001 0.29506944444444444 0.01807291666666657 0.12331018518518518
0 0.25746874999999997 0.3045138888888889 0.02091145833333332 0.1421990740740741
0 0.18740104166666666 0.23351851851851851 0.009781249999999986 0.09782407407407405
0 0.18853645833333335 0.4155324074074074 0.006380208333333333 0.09645833333333337
0 0.15472916666666667 0.2533564814814815 0.01389062499999998 0.10599537037037035
0 0.13573437500000002 0.23777777777777778 0.009921874999999991 0.059097222222222225
0 0.129921875 0.28594907407407405 0.01814583333333335 0.1239351851851852
0 0.1438125 0.3029398148148148 0.02041145833333336 0.13275462962962964