2 0.4300364583333333 0.6284027777777779 0.051041666666666666 0.29844907407407417
2 0.3692708333333333 0.636087962962963 0.08229166666666667 0.4373148148148147
1 0.26293229166666665 0.6238425925925926 0.1630208333333333 0.7523148148148148
2 0.8973072916666667 0.5 0.14010416666666667 1
2 0.784375 0.5987731481481482 0.16597395833333337 0.8024537037037036
0 0.8564479166666668 0.3056712962962963 0.016989583333333277 0.13490740740740736
0 0.843734375 0.3282638888888889 0.020874999999999963 0.1428472222222222
0 0.8307239583333333 0.2659259259259259 0.015791666666666752 0.11657407407407411
0 0.7950104166666667 0.25462962962962965 0.010171875000000104 0.10729166666666669
0 0.7350104166666667 0.26898148148148154 0.015791666666666752 0.11472222222222227
0 0.7177239583333334 0.2794907407407407 0.018307291666666715 0.11710648148148149
0 0.7106354166666667 0.3108564814814815 0.02147395833333334 0.13729166666666667
0 0.32960937500000004 0.3446064814814815 0.016750000000000043 0.11175925925925922
0 0.19863541666666668 0.3067361111111111 0.012619791666666677 0.04666666666666669
0 0.20389583333333333 0.38939814814814816 0.02315104166666669 0.14284722222222218