2 0.7991302083333333 0.3954398148148148 0.06701562500000004 0.2955092592592593
2 0.6616302083333333 0.4046990740740741 0.06284895833333337 0.2214351851851852
2 0.34834895833333335 0.5423842592592593 0.06302083333333333 0.3347685185185185
2 0.18194270833333331 0.37692129629629634 0.05139062499999998 0.22763888888888886
2 0.113453125 0.6778472222222222 0.07586979166666667 0.6442824074074075
1 0.2444427083333333 0.5230324074074074 0.16249999999999998 0.8361805555555556
1 0.7421875 0.5338194444444445 0.16840104166666664 0.8886342592592592
0 0.78896875 0.1642361111111111 0.015171875000000057 0.10939814814814813
0 0.808734375 0.14368055555555556 0.01267708333333341 0.04928240740740742
0 0.815890625 0.19935185185185186 0.017734375000000094 0.1353240740740741
0 0.8034635416666667 0.21944444444444444 0.022083333333333382 0.15335648148148148
0 0.8073437499999999 0.4101388888888889 0.029130208333333248 0.06305555555555557
0 0.7964114583333333 0.4633101851851852 0.03219791666666675 0.10606481481481479
0 0.7589427083333333 0.4913194444444444 0.01424479166666662 0.09560185185185188
0 0.7533541666666667 0.348912037037037 0.009473958333333362 0.10201388888888888
0 0.753640625 0.15631944444444446 0.010041666666666772 0.11256944444444443
0 0.758765625 0.23243055555555556 0.014604166666666647 0.16032407407407406
0 0.72828125 0.1572685185185185 0.01061458333333339 0.10812500000000001
0 0.7239010416666667 0.23560185185185187 0.015385416666666648 0.16664351851851855
0 0.7309895833333333 0.3506481481481481 0.004630208333333267 0.0959953703703703
0 0.725078125 0.49259259259259264 0.014177083333333229 0.0981481481481481
0 0.6980104166666667 0.37106481481481485 0.02272395833333339 0.09567129629629625
0 0.6945208333333334 0.17435185185185184 0.017166666666666684 0.11699074074074073
0 0.6736145833333332 0.14715277777777777 0.011682291666666582 0.04990740740740739
0 0.66784375 0.2104398148148148 0.018661458333333294 0.13849537037037035
0 0.6801302083333333 0.22594907407407408 0.022578124999999952 0.1505092592592593
0 0.6799895833333333 0.3881481481481482 0.019447916666666742 0.091875
0 0.6764270833333333 0.4234490740740741 0.029416666666666678 0.06430555555555549
0 0.68771875 0.4712268518518518 0.031338541666666705 0.1028935185185185
0 0.31080729166666665 0.14414351851851853 0.01118229166666668 0.04074074074074076
0 0.3150104166666667 0.20599537037037036 0.017453124999999996 0.13912037037037037
0 0.291859375 0.17134259259259257 0.015312500000000047 0.1122453703703704
0 0.2876927083333333 0.361875 0.021937499999999943 0.09314814814814817
0 0.303828125 0.37675925925925924 0.019302083333333307 0.09122685185185178
0 0.30813541666666666 0.4038194444444444 0.027208333333333338 0.05988425925925927
0 0.29688020833333334 0.45666666666666667 0.030343749999999996 0.09594907407407405
0 0.2823177083333333 0.5085879629629629 0.0133177083333333 0.04780092592592587
0 0.30276041666666664 0.5149074074074074 0.018588541666666694 0.09844907407407401
0 0.30546354166666667 0.5737731481481482 0.026854166666666637 0.08953703703703698
0 0.2613020833333333 0.647037037037037 0.012609374999999989 0.07462962962962966
0 0.261765625 0.4800925925925926 0.012822916666666668 0.09212962962962966
0 0.2549270833333333 0.3428935185185185 0.0048437499999999765 0.09314814814814817
0 0.25678125 0.16011574074074075 0.008546874999999983 0.10432870370370369
0 0.26144791666666667 0.23384259259259255 0.012890625 0.15682870370370366
0 0.2341302083333333 0.3440046296296297 0.008833333333333353 0.09854166666666665
0 0.22746875 0.48388888888888887 0.014744791666666639 0.08706018518518521
0 0.22558333333333333 0.23606481481481478 0.014531249999999989 0.15493055555555554
0 0.2341302083333333 0.1610648148148148 0.008833333333333353 0.11256944444444443
0 0.1999375 0.17641203703703703 0.014531249999999989 0.11476851851851853
0 0.20318229166666668 0.36361111111111116 0.021723958333333352 0.0871296296296296
0 0.18619270833333335 0.38386574074074076 0.019802083333333324 0.08965277777777782
0 0.18266666666666667 0.4131481481481481 0.029130208333333307 0.056412037037037045
0 0.19253125000000001 0.4623611111111111 0.031057291666666664 0.09467592592592587
0 0.18056770833333333 0.15425925925925926 0.00997395833333332 0.045162037037037035
0 0.17372916666666666 0.21060185185185187 0.019088541666666656 0.13247685185185182
0 0.18516145833333333 0.22451388888888887 0.021296874999999993 0.147662037037037
0 0.3036979166666667 0.22060185185185185 0.020354166666666628 0.14136574074074074
0 0.692015625 0.7495370370370371 0.022916666666666665 0.09319444444444443
0 0.24001562499999998 0.7464583333333334 0.033854166666666664 0.05618055555555551