2 0.947046875 0.6654166666666667 0.06423437499999997 0.2799305555555555
2 0.9064218749999999 0.6978009259259259 0.07326562500000004 0.4989814814814815
2 0.6782135416666667 0.6422685185185185 0.08385416666666666 0.4187962962962962
2 0.16475520833333332 0.49650462962962966 0.05520833333333333 0.20442129629629624
2 0.34444270833333335 0.5805324074074074 0.05694270833333329 0.5731018518518518
2 0.44913020833333334 0.8379629629629629 0.08923437499999996 0.32407407407407407
1 0.2628489583333334 0.6277083333333334 0.16458333333333336 0.7445833333333333
1 0.7849843750000001 0.5987731481481482 0.16892187499999997 0.8024537037037036
0 0.8507395833333333 0.24983796296296298 0.011843749999999886 0.05067129629629626
0 0.8569791666666667 0.3064583333333333 0.018484374999999886 0.1356018518518518
0 0.844578125 0.32983796296296297 0.02161979166666678 0.13983796296296291
0 0.8311927083333334 0.26694444444444443 0.015244791666666656 0.11083333333333333
0 0.8277135416666667 0.45622685185185186 0.020505208333333278 0.07391203703703705
0 0.8454010416666667 0.4819444444444444 0.018697916666666713 0.09231481481481481
0 0.8494635416666667 0.5296296296296297 0.02841666666666664 0.09324074074074068
0 0.7953645833333333 0.25289351851851855 0.009984375000000038 0.09928240740740737
0 0.80184375 0.33796296296296297 0.014447916666666553 0.15375000000000003
0 0.7938802083333333 0.44277777777777777 0.004463541666666752 0.10270833333333335
0 0.802375 0.5925231481481481 0.013385416666666572 0.09391203703703702
0 0.7711197916666667 0.25810185185185186 0.009296874999999953 0.1096527777777778
0 0.766921875 0.3398611111111111 0.014713541666666666 0.15752314814814816
0 0.7361406250000001 0.27094907407407404 0.016359374999999923 0.11414351851851849
0 0.7411093750000001 0.46307870370370374 0.02257291666666674 0.07344907407407411
0 0.7157447916666667 0.24465277777777777 0.011687500000000028 0.040277777777777794
0 0.7111770833333334 0.3139120370370371 0.019546875000000106 0.1339351851851852
0 0.7233906250000001 0.32618055555555553 0.022734375000000046 0.14902777777777776
0 0.7234479166666666 0.48453703703703704 0.019651041666666678 0.09277777777777774
0 0.7199947916666667 0.5194675925925926 0.02868229166666675 0.058773148148148116
0 0.7313333333333334 0.5682175925925926 0.03064583333333341 0.0972222222222223
0 0.7686458333333334 0.5916898148148149 0.015510416666666771 0.08988425925925929
0 0.7754739583333333 0.5932407407407406 0.003135416666666657 0.052847222222222254
0 0.326984375 0.5489814814814815 0.018697916666666713 0.09652777777777775
0 0.3300677083333333 0.3464814814814815 0.016359375000000044 0.1070138888888889
0 0.3134375 0.33349537037037036 0.013916666666666681 0.1141203703703704
0 0.30244270833333337 0.3658333333333333 0.009984375000000038 0.0678240740740741
0 0.25296875 0.3150925925925926 0.009828125000000002 0.10796296296296293
0 0.24741666666666667 0.3997916666666667 0.014130208333333331 0.15937499999999993
0 0.21862499999999999 0.33101851851851855 0.01604166666666664 0.11386574074074074
0 0.19828125 0.3000925925925926 0.010411458333333339 0.026064814814814794
0 0.193078125 0.3721759259259259 0.019119791666666684 0.13483796296296297
0 0.20606770833333332 0.3884722222222222 0.021192708333333362 0.1437962962962963
0 0.27825 0.31615740740740744 0.009401041666666643 0.10305555555555555