2 0.95 0.6731481481481482 0.06666666666666667 0.2336342592592592
2 0.6565989583333334 0.5994675925925926 0.05625 0.3563194444444445
2 0.434546875 0.6068055555555555 0.0461822916666667 0.2861342592592593
2 0.153125 0.7298148148148148 0.07014062499999998 0.41643518518518513
1 0.2669270833333333 0.6315509259259259 0.16058854166666664 0.7368750000000001
1 0.7859375 0.6026157407407408 0.165625 0.7947453703703705
0 0.8456927083333333 0.48335648148148147 0.018307291666666715 0.09874999999999992
0 0.831703125 0.2670601851851852 0.014510416666666732 0.1139814814814815
0 0.8499531250000001 0.24608796296296298 0.010708333333333304 0.05157407407407408
0 0.85709375 0.3035185185185185 0.018078125000000018 0.13314814814814813
0 0.8440208333333333 0.33217592592592593 0.020723958333333313 0.13925925925925922
0 0.7960625 0.2541435185185185 0.010015625000000009 0.10861111111111109
0 0.8018489583333334 0.3389351851851852 0.01410416666666663 0.15793981481481487
0 0.7709635416666667 0.2553009259259259 0.01047916666666661 0.10835648148148146
0 0.7669895833333332 0.3383101851851852 0.015197916666666582 0.159212962962963
0 0.7681979166666667 0.5899074074074074 0.014161458333333361 0.09180555555555561
0 0.7362760416666667 0.2719212962962963 0.01767708333333336 0.11601851851851853
0 0.7410260416666666 0.4627546296296296 0.021994791666666676 0.08828703703703701
0 0.7238958333333334 0.48847222222222225 0.019401041666666667 0.09620370370370371
0 0.7159791666666667 0.24162037037037035 0.012203124999999915 0.03749999999999997
0 0.723203125 0.32819444444444446 0.022625000000000027 0.14668981481481483
0 0.7114895833333333 0.3120833333333333 0.019343749999999934 0.1400462962962963
0 0.3311041666666667 0.3425694444444445 0.017963541666666673 0.10888888888888891
0 0.313484375 0.3340046296296296 0.017270833333333378 0.1096527777777778
0 0.27877083333333336 0.31942129629629634 0.00944270833333339 0.10608796296296293
0 0.25263020833333333 0.31340277777777775 0.010135416666666685 0.1119675925925926
0 0.24747916666666667 0.3993518518518519 0.015369791666666662 0.16104166666666664
0 0.21932291666666667 0.3295138888888889 0.015489583333333338 0.11861111111111113
0 0.199234375 0.3044675925925926 0.010994791666666674 0.048032407407407406
0 0.205015625 0.3932175925925926 0.02429687499999999 0.13854166666666673
0 0.1939375 0.36738425925925927 0.018828124999999987 0.14314814814814814