2 0.702515625 0.5493287037037037 0.07691145833333338 0.3332175925925925
2 0.828734375 0.5990972222222223 0.06892187499999997 0.14729166666666665
2 0.36493229166666663 0.5065277777777778 0.04235937499999996 0.23990740740740737
2 0.21875 0.5747916666666667 0.0625 0.3069675925925926
1 0.26588541666666665 0.6315509259259259 0.1585052083333333 0.7368750000000001
1 0.784375 0.6006944444444444 0.16597395833333337 0.7986111111111112
0 0.856765625 0.3027314814814815 0.018526041666666753 0.1361574074074074
0 0.8445 0.3281712962962963 0.021442708333333373 0.14319444444444449
0 0.8309479166666667 0.2642361111111111 0.014927083333333258 0.11254629629629631
0 0.79596875 0.252037037037037 0.009734375000000028 0.10340277777777782
0 0.8013072916666667 0.33817129629629633 0.013124999999999906 0.15368055555555551
0 0.7704062500000001 0.255 0.010078124999999953 0.10358796296296297
0 0.7669114583333333 0.3396064814814815 0.01466666666666659 0.15842592592592591
0 0.7359010416666667 0.27111111111111114 0.016984375000000065 0.11863425925925926
0 0.7157864583333333 0.24766203703703701 0.011921874999999934 0.05270833333333336
0 0.7230572916666667 0.32780092592592597 0.023458333333333314 0.1500462962962963
0 0.7110885416666667 0.3111111111111111 0.01925520833333323 0.1376851851851852
0 0.33031770833333335 0.3453472222222222 0.016854166666666615 0.11655092592592595
0 0.2786770833333333 0.3179166666666667 0.009218750000000024 0.10171296296296296
0 0.252171875 0.3116203703703704 0.009390624999999986 0.10057870370370368
0 0.21852083333333333 0.32916666666666666 0.01629687499999998 0.11275462962962962
0 0.19898437500000002 0.29907407407407405 0.011109375000000022 0.022060185185185155
0 0.20501041666666667 0.3896527777777778 0.022729166666666658 0.15180555555555553
0 0.19321875000000002 0.37175925925925923 0.018869791666666677 0.13884259259259263