2 0.8684010416666667 0.4549074074074074 0.05485937499999996 0.24914351851851851
2 0.2800364583333333 0.6146064814814814 0.07534895833333334 0.37726851851851856
2 0.29010416666666666 0.4726388888888889 0.048265625000000006 0.10567129629629625
1 0.19817708333333334 0.5912962962962963 0.15503645833333338 0.8106944444444445
1 0.7596354166666667 0.5968287037037037 0.15295312500000005 0.8063194444444446
0 0.8231041666666666 0.5102314814814815 0.025223958333333248 0.061157407407407445
0 0.8115625000000001 0.5624537037037037 0.029380208333333258 0.07641203703703708
0 0.8079114583333333 0.2722222222222222 0.014906249999999944 0.10428240740740743
0 0.8261145833333334 0.2633101851851852 0.011177083333333353 0.06097222222222223
0 0.8322760416666667 0.3225231481481482 0.017770833333333277 0.1284490740740741
0 0.81984375 0.33270833333333333 0.02371874999999998 0.13608796296296297
0 0.7748385416666667 0.253125 0.011109374999999961 0.10428240740740743
0 0.7805364583333334 0.34481481481481485 0.014619791666666751 0.14754629629629631
0 0.7707552083333333 0.4295138888888889 0.0043697916666666 0.08763888888888892
0 0.7518697916666667 0.25439814814814815 0.008885416666666639 0.10682870370370369
0 0.7510833333333333 0.4260185185185185 0.008744791666666647 0.0869907407407407
0 0.7515833333333333 0.5468518518518519 0.005447916666666686 0.08979166666666671
0 0.7445989583333333 0.3269675925925926 0.013687500000000104 0.15009259259259264
0 0.717328125 0.2577314814814815 0.014333333333333325 0.1103240740740741
0 0.6993072916666667 0.23703703703703705 0.00909895833333323 0.049837962962962966
0 0.6928229166666667 0.29863425925925924 0.01691145833333323 0.13800925925925928
0 0.7055781250000001 0.3156712962962963 0.019489583333333373 0.13706018518518517
0 0.7194791666666667 0.4389120370370371 0.021500000000000106 0.08412037037037044
0 0.7101979166666667 0.5434953703703703 0.029166666666666667 0.09902777777777784
0 0.25454166666666667 0.3073842592592592 0.023932291666666692 0.14277777777777778
0 0.21021875 0.2430787037037037 0.010536458333333342 0.10333333333333337
0 0.21416145833333333 0.3172685185185185 0.014119791666666675 0.14340277777777774
0 0.18542187499999999 0.23958333333333334 0.009671875000000026 0.10270833333333335
0 0.18642708333333333 0.4161342592592593 0.005947916666666646 0.09592592592592591
0 0.18119791666666665 0.3196527777777778 0.014119791666666675 0.15136574074074072
0 0.15228125 0.2526388888888889 0.01576562499999999 0.1096990740740741
0 0.13465104166666667 0.2354398148148148 0.009171875000000006 0.049837962962962966
0 0.128453125 0.2933796296296296 0.017557291666666672 0.12750000000000003
0 0.14120833333333332 0.31122685185185184 0.02013541666666665 0.1376851851851852
0 0.15565104166666668 0.439537037037037 0.02106770833333336 0.08222222222222218
0 0.13468750000000002 0.5021064814814815 0.025723958333333328 0.07675925925925932
0 0.22888541666666665 0.4450925925925926 0.006604166666666641 0.03717592592592593
0 0.7188645833333334 0.6572453703703703 0.023026041666666684 0.08210648148148154