1 0.2505833333333333 0.6682407407407408 0.15612499999999999 0.6635185185185185
2 0.08893229166666666 0.7950231481481481 0.051984375 0.40995370370370376
2 0.3829791666666667 0.6049074074074073 0.0514375 0.2912962962962964
0 0.30138541666666663 0.9268287037037036 0.009598958333333367 0.06578703703703694
0 0.18936458333333334 0.4109722222222222 0.015578124999999983 0.11275462962962958
0 0.2059375 0.3995138888888889 0.014307291666666682 0.1099537037037037
0 0.233828125 0.4642824074074074 0.012135416666666643 0.150949074074074
0 0.26928124999999997 0.46509259259259256 0.01512499999999998 0.1525694444444445
0 0.295859375 0.4103703703703704 0.014854166666666658 0.10752314814814812
0 0.31175520833333337 0.4214351851851852 0.014942708333333362 0.11756944444444449
0 0.32044791666666667 0.45060185185185186 0.017838541666666666 0.12358796296296293
0 0.7782812499999999 0.7499768518518519 0.026989583333333417 0.04618055555555566
0 0.8225625 0.873912037037037 0.019562499999999972 0.0847453703703704
2 0.6991302083333333 0.6121296296296296 0.0642968749999999 0.370162037037037
2 0.90465625 0.5886111111111112 0.05822916666666676 0.26914351851851853
0 0.7390208333333333 0.680162037037037 0.005526041666666733 0.11180555555555545
1 0.7520833333333333 0.6469907407407407 0.165625 0.7060185185185185