2 0.15975520833333334 0.525162037037037 0.06696875000000002 0.6038657407407407
2 0.38193750000000004 0.7210416666666667 0.09326041666666664 0.25578703703703703
1 0.24635416666666668 0.5949074074074074 0.15416666666666667 0.8101851851851852
0 0.1838020833333333 0.27879629629629626 0.018666666666666682 0.11020833333333337
0 0.20084895833333333 0.26317129629629626 0.01615624999999999 0.09810185185185184
0 0.23229687499999999 0.2459259259259259 0.010125000000000028 0.10194444444444442
0 0.22633854166666667 0.33078703703703705 0.013999999999999997 0.14400462962962962
0 0.2562760416666667 0.24608796296296298 0.009260416666666653 0.0990740740740741
0 0.2634947916666667 0.3280787037037037 0.014359375000000027 0.15453703703703703
0 0.2885885416666667 0.26060185185185186 0.0164427083333333 0.10576388888888892
0 0.30972916666666667 0.23956018518518518 0.012062500000000042 0.048356481481481514
0 0.313859375 0.3003240740740741 0.018166666666666723 0.13092592592592592
0 0.30215625 0.31819444444444445 0.022041666666666633 0.14113425925925924
0 0.23675 0.8311574074074074 0.030515625000000015 0.043865740740740844
0 0.21090104166666668 0.8077083333333334 0.021895833333333316 0.09587962962962954
0 0.1967239583333333 0.7464583333333334 0.015796875000000023 0.06275462962962966
0 0.18351041666666665 0.7091435185185185 0.020963541666666665 0.05828703703703692
0 0.188609375 0.7788425925925926 0.02972395833333336 0.1306712962962964
0 0.297453125 0.6630555555555555 0.023406250000000028 0.0714120370370371
0 0.27533854166666666 0.6190277777777778 0.01938541666666668 0.05995370370370365
0 0.25588541666666664 0.6064351851851852 0.022114583333333323 0.03155092592592591
0 0.23534895833333333 0.6018055555555556 0.021249999999999977 0.025509259259259218
0 0.21765104166666666 0.6064351851851852 0.012421875000000011 0.04432870370370365
0 0.20336458333333332 0.6306712962962963 0.01974479166666665 0.04175925925925918
0 0.18477083333333333 0.6651157407407408 0.021322916666666695 0.04682870370370375
2 0.8483125 0.8846759259259259 0.09053645833333329 0.23064814814814813
2 0.8844270833333333 0.43604166666666666 0.05219791666666656 0.22687499999999997
2 0.6573333333333333 0.4162731481481482 0.03309895833333343 0.22562499999999994
2 0.6419322916666667 0.523912037037037 0.07481249999999993 0.46960648148148143
1 0.7544427083333333 0.5863888888888888 0.15766666666666657 0.811550925925926
0 0.7975937500000001 0.610763888888889 0.02386979166666663 0.0514814814814815
0 0.7960260416666666 0.42155092592592597 0.019562499999999972 0.0740972222222222
0 0.8119739583333333 0.43796296296296294 0.01886458333333323 0.08881944444444445
0 0.8172135416666666 0.46837962962962965 0.0246822916666666 0.0590509259259259
0 0.8046666666666666 0.5136342592592592 0.02928645833333334 0.09266203703703697
0 0.8176822916666667 0.22069444444444444 0.009312500000000057 0.03719907407407406
0 0.82225 0.280162037037037 0.017875000000000085 0.12511574074074078
0 0.8093854166666666 0.2946527777777778 0.018921874999999963 0.1334027777777778
0 0.799078125 0.24046296296296296 0.015776041666666647 0.1052314814814815
0 0.7666822916666667 0.2253240740740741 0.009781250000000104 0.09824074074074074
0 0.7732916666666667 0.3013888888888889 0.014265624999999933 0.14685185185185184
0 0.7640052083333334 0.40435185185185185 0.0020937499999999906 0.09400462962962966
0 0.7440052083333334 0.4055092592592593 0.008093749999999981 0.09375
0 0.7423749999999999 0.23155092592592594 0.009489583333333228 0.10032407407407408
0 0.7369895833333333 0.3000925925925926 0.013276041666666552 0.14942129629629633
0 0.7098020833333333 0.2411111111111111 0.015953125000000058 0.1039351851851852
0 0.6912291666666667 0.22030092592592593 0.010244791666666704 0.04418981481481482
0 0.6859010416666667 0.2806944444444444 0.019968750000000077 0.12615740740740738
0 0.6981302083333334 0.28949074074074077 0.018802083333333285 0.13340277777777776
0 0.7171979166666667 0.42412037037037037 0.013276041666666552 0.07925925925925928
0 0.69690625 0.44729166666666664 0.017526041666666714 0.09710648148148146