2 0.164609375 0.6780787037037037 0.06199999999999998 0.529861111111111
2 0.39244270833333333 0.6344907407407407 0.04757812499999995 0.24354166666666668
1 0.25104166666666666 0.6678240740740741 0.15729166666666666 0.6643518518518519
0 0.18958333333333333 0.411875 0.01661979166666665 0.10972222222222217
0 0.20611979166666666 0.40157407407407403 0.015479166666666681 0.10719907407407409
0 0.26975 0.4681712962962963 0.014010416666666685 0.15349537037037037
0 0.295453125 0.4082638888888889 0.014093749999999971 0.1024768518518518
0 0.31240104166666666 0.4184027777777778 0.015395833333333305 0.10826388888888884
0 0.3199375 0.446087962962963 0.01988020833333337 0.13106481481481483
0 0.30128125 0.927175925925926 0.007822916666666657 0.07215277777777768
2 0.6411458333333333 0.8402777777777778 0.071875 0.3194444444444444
2 0.8975208333333333 0.5834490740740741 0.05727604166666656 0.26456018518518515
1 0.7532760416666666 0.6495370370370371 0.1639166666666668 0.7009027777777777