2 0.3302760416666667 0.6474074074074074 0.05026041666666667 0.2859953703703703
2 0.4008072916666666 0.8528240740740741 0.0664947916666667 0.29435185185185175
1 0.25031770833333333 0.6706018518518518 0.1579583333333333 0.6587731481481482
0 0.3011041666666667 0.9271296296296296 0.007427083333333329 0.06581018518518507
0 0.26781770833333335 0.7115972222222223 0.01591145833333331 0.08803240740740735
0 0.23399999999999999 0.7106944444444444 0.014359375000000027 0.08983796296296284
0 0.24113541666666669 0.5763888888888888 0.0033437499999999787 0.08592592592592593
0 0.23509895833333333 0.4658101851851852 0.014114583333333345 0.1476157407407407
0 0.205359375 0.4036342592592593 0.014197916666666663 0.10668981481481489
0 0.18655208333333334 0.37537037037037035 0.010036458333333324 0.035648148148148096
0 0.19259374999999998 0.4558333333333333 0.022109375000000025 0.13856481481481484
0 0.26141145833333335 0.3936574074074074 0.010442708333333309 0.0976388888888889
0 0.27046875 0.47305555555555556 0.013869791666666693 0.1476157407407407
0 0.2953958333333333 0.4085185185185185 0.015583333333333371 0.10560185185185186
0 0.31297916666666664 0.42375 0.015666666666666627 0.10703703703703706
0 0.3210520833333333 0.4484027777777778 0.017135416666666715 0.12733796296296293
0 0.7614739583333333 0.6789814814814815 0.009463541666666705 0.09530092592592583
0 0.7394427083333334 0.681875 0.004567708333333324 0.10108796296296287
0 0.7784427083333333 0.7482175925925927 0.01729687500000002 0.03798611111111104
0 0.8202604166666667 0.8236111111111112 0.021786458333333297 0.05824074074074067
0 0.8220937500000001 0.8745601851851852 0.018114583333333437 0.08395833333333329
2 0.7588645833333333 0.5498842592592593 0.04014062500000008 0.35928240740740747
2 0.914125 0.631087962962963 0.061843749999999885 0.2896296296296296
1 0.7522968750000001 0.6452314814814815 0.16489062500000007 0.709537037037037