2 0.22196354166666668 0.5756018518518519 0.04831770833333333 0.17407407407407405
2 0.24921875 0.48629629629629634 0.046958333333333345 0.559212962962963
1 0.2520833333333333 0.6689814814814815 0.15729166666666666 0.6620370370370371
0 0.23902604166666666 0.3959722222222222 0.009963541666666664 0.10673611111111114
0 0.23547916666666666 0.46891203703703704 0.013437499999999976 0.14863425925925922
0 0.2964427083333333 0.41273148148148153 0.015328125000000033 0.11344907407407405
0 0.31528125 0.4254861111111111 0.017515625000000055 0.11208333333333337
0 0.32147395833333337 0.4519907407407407 0.017817708333333352 0.13152777777777777
2 0.8924479166666667 0.6064814814814815 0.07239583333333334 0.7870370370370371
2 0.6068541666666667 0.59875 0.04801562500000003 0.26733796296296297
2 0.6227864583333333 0.79125 0.0511875000000001 0.41750000000000004
1 0.747921875 0.6402546296296295 0.17538020833333334 0.7194907407407408
0 0.6793697916666667 0.37349537037037034 0.017140624999999923 0.12222222222222225
0 0.6708020833333334 0.39932870370370366 0.0203854166666666 0.14032407407407407
0 0.697 0.3594212962962963 0.01691145833333323 0.12087962962962956
0 0.767140625 0.42666666666666664 0.01676041666666658 0.1715046296296297
0 0.795296875 0.3572222222222222 0.017213541666666762 0.1198842592592593
0 0.8246302083333333 0.39967592592592593 0.020760416666666733 0.14768518518518522
0 0.810703125 0.41324074074074074 0.02385937499999997 0.15807870370370375