1 0.2513020833333333 0.6724537037037037 0.15572916666666667 0.6550925925925926
2 0.34416145833333334 0.7238194444444445 0.05559895833333333 0.552337962962963
0 0.23601041666666667 0.47171296296296295 0.01253645833333336 0.15074074074074076
0 0.2965625 0.41252314814814817 0.014848958333333329 0.102037037037037
0 0.32164062499999996 0.44532407407407404 0.015510416666666653 0.12731481481481483
2 0.9112135416666667 0.6041898148148148 0.05873437499999999 0.2727314814814814
2 0.64496875 0.5449537037037038 0.06657291666666675 0.5025925925925927
1 0.7484166666666667 0.645 0.1744739583333332 0.7100000000000001
0 0.6796145833333332 0.36907407407407405 0.017078124999999982 0.12148148148148152
0 0.6712447916666666 0.4015277777777778 0.019302083333333307 0.13870370370370375
0 0.7671822916666666 0.4253472222222222 0.014848958333333447 0.16432870370370373
0 0.824515625 0.39694444444444443 0.022270833333333448 0.14784722222222224