1 0.24973958333333332 0.6701388888888888 0.1578125 0.6597222222222222
2 0.16844791666666667 0.6143518518518518 0.06999479166666665 0.6415972222222224
2 0.39209895833333336 0.6348148148148148 0.048312499999999994 0.24263888888888882
0 0.3011302083333333 0.9255555555555555 0.0077760416666667 0.06733796296296303
0 0.27031770833333335 0.46611111111111114 0.013317708333333329 0.14874999999999997
0 0.2957708333333333 0.4102314814814815 0.014729166666666653 0.10766203703703701
0 0.189421875 0.41009259259259256 0.015317708333333317 0.11002314814814822
0 0.20568229166666668 0.3997453703703704 0.014848958333333329 0.10768518518518515
0 0.3127083333333333 0.4217361111111111 0.017380208333333275 0.10976851851851856
0 0.32048437500000004 0.44844907407407403 0.018796874999999956 0.13173611111111116
2 0.6384687499999999 0.8385879629629629 0.06793229166666657 0.32282407407407415
2 0.8980885416666666 0.5866666666666667 0.05809374999999998 0.2667824074074074
1 0.7518854166666666 0.6415277777777777 0.16691666666666669 0.7169212962962964