2 0.13408333333333333 0.5413657407407407 0.07114062500000001 0.34752314814814816
2 0.37511458333333336 0.448125 0.048729166666666636 0.24037037037037032
2 0.44947916666666665 0.8159722222222222 0.078125 0.3680555555555556
1 0.247046875 0.6015277777777778 0.15292708333333332 0.7969444444444443
0 0.26559374999999996 0.33164351851851853 0.0148125 0.15141203703703707
0 0.20661458333333332 0.639537037037037 0.023802083333333356 0.06194444444444442
0 0.21957291666666665 0.6028240740740741 0.02063020833333334 0.05314814814814817
0 0.18542708333333333 0.6843287037037037 0.021749999999999995 0.06631944444444439
0 0.18529166666666666 0.7579166666666667 0.018843749999999975 0.08127314814814818
2 0.6451666666666667 0.3989120370370371 0.04866145833333325 0.2594907407407407
1 0.756109375 0.5721527777777777 0.15286458333333333 0.8146296296296297