2 0.8362187499999999 0.4337500000000001 0.06581249999999983 0.7269444444444445
2 0.612046875 0.44159722222222225 0.05679687500000004 0.22791666666666663
2 0.16534374999999998 0.426875 0.04576562499999999 0.2965277777777777
2 0.11967187500000001 0.5052777777777778 0.037124999999999984 0.1265972222222222
1 0.2453125 0.575 0.15054687500000002 0.8297916666666665
1 0.74853125 0.5623611111111112 0.1514687499999999 0.8289583333333335
0 0.191875 0.7034722222222222 0.02132812500000001 0.09458333333333337
0 0.18426562500000002 0.22194444444444444 0.011171875000000008 0.0652777777777778
0 0.19242187500000002 0.28847222222222224 0.019234375000000005 0.14194444444444443
0 0.20228125000000002 0.22993055555555555 0.014218750000000013 0.11236111111111113
0 0.260046875 0.2204861111111111 0.010406250000000039 0.10194444444444446
0 0.29215625 0.23840277777777777 0.013703124999999972 0.10673611111111111
0 0.30929687499999997 0.25055555555555553 0.014984374999999961 0.11402777777777778
0 0.686109375 0.23291666666666666 0.01654687500000005 0.11118055555555559
0 0.7353125 0.20652777777777775 0.009890625000000064 0.09805555555555553
0 0.76003125 0.205625 0.009890625000000064 0.1023611111111111
0 0.7933125000000001 0.21979166666666666 0.015312499999999929 0.10326388888888889