2 0.8461822916666667 0.38157407407407407 0.05347395833333337 0.20601851851851852
2 0.8993072916666667 0.3923611111111111 0.0555572916666667 0.25847222222222216
2 0.7539947916666667 0.9170601851851852 0.08090104166666663 0.16587962962962954
2 0.28584895833333335 0.3449305555555555 0.02829687499999996 0.21761574074074072
2 0.3253489583333333 0.47412037037037036 0.04652604166666663 0.2985416666666667
2 0.1078125 0.3919675925925926 0.045484374999999994 0.23456018518518515
1 0.2444427083333333 0.5199537037037038 0.16249999999999998 0.8299999999999998
1 0.7418385416666666 0.5376851851851852 0.16770833333333332 0.8809027777777778
0 0.9143072916666667 0.5359722222222222 0.010255208333333361 0.04944444444444448
0 0.8561510416666667 0.4517824074074074 0.0156979166666666 0.06979166666666661
0 0.788546875 0.16296296296296298 0.01505729166666659 0.11513888888888892
0 0.8064479166666667 0.17576388888888891 0.016421875000000103 0.11229166666666665
0 0.815140625 0.20689814814814814 0.020187500000000115 0.13541666666666666
0 0.739078125 0.4354166666666667 0.008250000000000075 0.06553240740740741
0 0.69434375 0.17451388888888889 0.0156979166666666 0.12048611111111109
0 0.6766770833333333 0.1823611111111111 0.016421875000000103 0.12189814814814814
0 0.6691874999999999 0.20974537037037036 0.019864583333333265 0.14111111111111113
0 0.6916197916666668 0.7486342592592593 0.023067708333333315 0.09381944444444439
0 0.401359375 0.44733796296296297 0.012895833333333329 0.035972222222222267
0 0.34548958333333335 0.3927083333333333 0.012494791666666671 0.022847222222222234
0 0.2916979166666666 0.1704398148148148 0.01626041666666668 0.10874999999999997
0 0.30788020833333335 0.18039351851851854 0.01658333333333329 0.11442129629629631
0 0.31477083333333333 0.20655092592592594 0.0175416666666667 0.1275925925925926
0 0.246078125 0.42562500000000003 0.0067291666666666455 0.07087962962962964
0 0.19966145833333335 0.17719907407407406 0.014817708333333356 0.1115740740740741
0 0.18211458333333336 0.18733796296296298 0.01658333333333335 0.11407407407407408
0 0.17414583333333333 0.2163425925925926 0.019062500000000013 0.13291666666666663
0 0.16321354166666666 0.43453703703703705 0.007609375000000007 0.06375000000000004
0 0.239671875 0.7491666666666666 0.031562500000000014 0.05217592592592584