2 0.6234375 0.35340277777777773 0.04895833333333333 0.18831018518518514
2 0.127953125 0.3213888888888889 0.04409895833333334 0.24000000000000002
1 0.24713541666666666 0.5303472222222223 0.14878645833333337 0.8585416666666666
1 0.7579843749999999 0.5145370370370371 0.1618072916666667 0.8654861111111111
0 0.94825 0.5018981481481481 0.010598958333333287 0.03969907407407402
0 0.9507083333333333 0.5332638888888889 0.013437500000000095 0.053217592592592615
0 0.9537552083333334 0.5988194444444445 0.01676041666666658 0.0427314814814815
0 0.9668489583333333 0.6285185185185185 0.016619791666666592 0.037476851851851976
0 0.89378125 0.4089583333333333 0.013161458333333324 0.03851851851851849
0 0.8279166666666666 0.12490740740740741 0.013020833333333334 0.04298611111111113
0 0.8333177083333333 0.19 0.0182864583333334 0.13925925925925925
0 0.82078125 0.20953703703703702 0.02230208333333342 0.14449074074074073
0 0.8072760416666667 0.14645833333333336 0.016067708333333285 0.11067129629629632
0 0.7727864583333334 0.13291666666666668 0.00872916666666678 0.10513888888888888
0 0.7775625 0.21814814814814815 0.01413020833333339 0.15863425925925925
0 0.7474739583333334 0.12599537037037034 0.010041666666666772 0.1066898148148148
0 0.7404427083333334 0.2132175925925926 0.014682291666666696 0.1611111111111111
0 0.7488906249999999 0.31555555555555553 0.0066510416666666575 0.10412037037037038
0 0.768109375 0.44773148148148145 0.0042239583333334 0.10067129629629631
0 0.708515625 0.5406712962962963 0.021468749999999894 0.06490740740740746
0 0.7198020833333333 0.6074305555555556 0.026041666666666668 0.06918981481481479
0 0.7116302083333333 0.13814814814814813 0.015234375 0.10944444444444443
0 0.6910260416666667 0.1162962962962963 0.012119791666666657 0.04729166666666665
0 0.6847916666666667 0.17953703703703705 0.019046875000000085 0.13988425925925926
0 0.6977083333333333 0.19875 0.02202604166666665 0.15064814814814817
0 0.5779270833333333 0.4340277777777778 0.013088541666666724 0.0332638888888889
0 0.5708958333333333 0.4597222222222222 0.0066510416666666575 0.038472222222222234
0 0.566328125 0.49372685185185183 0.008588541666666553 0.041851851851851814
0 0.5597135416666668 0.4969675925925926 0.0085208333333334 0.04523148148148153
0 0.43113541666666666 0.58375 0.012468750000000028 0.027939814814814865
0 0.4381614583333333 0.6059027777777778 0.010598958333333287 0.04763888888888892
0 0.417453125 0.5437268518518518 0.013229166666666714 0.04150462962962965
0 0.4021822916666667 0.5031018518518519 0.01274479166666668 0.03907407407407407
0 0.385109375 0.47250000000000003 0.0125364583333333 0.03631944444444444
0 0.3688333333333333 0.44571759259259264 0.020156250000000025 0.050486111111111114
0 0.265953125 0.16891203703703703 0.011083333333333318 0.09708333333333333
0 0.2695520833333333 0.2507407407407407 0.01551562499999998 0.1499768518518519
0 0.2969114583333334 0.19460648148148146 0.016208333333333276 0.1023148148148148
0 0.3165104166666667 0.18259259259259258 0.012468750000000028 0.04754629629629628
0 0.3095833333333333 0.2532175925925926 0.02077604166666672 0.14259259259259258
0 0.3224322916666667 0.24275462962962965 0.019463541666666608 0.13398148148148148
0 0.241640625 0.16060185185185183 0.008864583333333323 0.09893518518518521
0 0.23291666666666666 0.24259259259259258 0.013572916666666638 0.14905092592592595
0 0.20811979166666666 0.16474537037037038 0.014406249999999983 0.11032407407407406
0 0.19042708333333333 0.1410648148148148 0.01101041666666666 0.04449074074074074
0 0.18360416666666665 0.20335648148148147 0.017453124999999996 0.12907407407407406
0 0.19440625 0.21905092592592593 0.01967187499999999 0.14199074074074075
0 0.15506770833333333 0.371087962962963 0.013020833333333334 0.027430555555555607
0 0.06974479166666667 0.4501851851851852 0.005124999999999987 0.03168981481481481
0 0.06441145833333334 0.4646296296296296 0.012468750000000006 0.042152777777777733
0 0.06911979166666667 0.48863425925925924 0.008036458333333336 0.028611111111111143
0 0.0493125 0.5220370370370371 0.009973958333333336 0.030740740740740676