2 0.8821197916666667 0.4370833333333333 0.059375 0.2862268518518518
2 0.6004322916666667 0.41858796296296297 0.05329687499999996 0.1875
2 0.34270833333333334 0.559675925925926 0.0881927083333333 0.8554398148148148
2 0.10026041666666667 0.6437962962962963 0.07725520833333335 0.45273148148148157
1 0.24808854166666663 0.5245601851851852 0.15937499999999996 0.8392592592592591
1 0.7592864583333333 0.5056712962962963 0.15920312500000003 0.8709027777777778
0 0.8469895833333333 0.4098148148148148 0.006583333333333267 0.06842592592592593
0 0.8326770833333333 0.18979166666666666 0.020895833333333277 0.13722222222222222
0 0.7584010416666668 0.3955092592592593 0.006869791666666695 0.07162037037037036
0 0.6985729166666667 0.19662037037037036 0.02318749999999999 0.15407407407407409
0 0.6710208333333333 0.39282407407407405 0.0067291666666667044 0.0693981481481482
0 0.331109375 0.4535416666666667 0.007442708333333314 0.06361111111111116
0 0.24792187499999999 0.41935185185185186 0.006369791666666676 0.06520833333333337
0 0.23257291666666668 0.24303240740740736 0.01359895833333334 0.14831018518518513
0 0.16466145833333332 0.40201388888888884 0.005869791666666657 0.06233796296296298