2 0.8569427083333333 0.7067824074074074 0.0819427083333333 0.5864120370370371
2 0.6694427083333333 0.6060185185185185 0.075 0.39259259259259266
2 0.28845312500000003 0.4301620370370371 0.04392187499999999 0.16435185185185186
2 0.307203125 0.709375 0.08142187499999999 0.4449768518518519
2 0.034375 0.6866203703703704 0.06875 0.42261574074074065
1 0.200609375 0.5910416666666667 0.15295312499999997 0.8178935185185184
1 0.7649322916666667 0.5987731481481482 0.15485937499999997 0.8024537037037036
0 0.96565625 0.7368518518518519 0.01323958333333337 0.0555092592592593
0 0.808046875 0.2760879629629629 0.01477604166666661 0.10937499999999997
0 0.8281614583333333 0.26083333333333336 0.00965624999999998 0.04631944444444442
0 0.820375 0.3376851851851852 0.021140625000000076 0.1317592592592593
0 0.8333229166666667 0.3251851851851852 0.019239583333333362 0.1229861111111111
0 0.7754583333333334 0.2543287037037037 0.010312500000000094 0.11134259259259262
0 0.7720208333333333 0.4314583333333333 0.004901041666666591 0.09497685185185178
0 0.718359375 0.657037037037037 0.02560416666666659 0.07796296296296285
0 0.703 0.2645601851851852 0.015364583333333333 0.1090509259259259
0 0.6932708333333333 0.29819444444444443 0.017848958333333324 0.12756944444444449
0 0.7357708333333334 0.5544907407407407 0.01360416666666661 0.03868055555555551
0 0.35676562500000003 0.5263888888888889 0.010536458333333342 0.03449074074074069
0 0.35859375 0.5762731481481481 0.015656249999999972 0.033472222222222243
0 0.25735416666666666 0.30583333333333335 0.023848958333333316 0.1428472222222222
0 0.23050520833333332 0.44886574074074076 0.005265625000000007 0.05175925925925929
0 0.18793229166666667 0.23627314814814812 0.010828124999999982 0.09476851851851852
0 0.18189583333333334 0.3201388888888889 0.014119791666666675 0.15842592592592591
0 0.188953125 0.41375 0.0070208333333333425 0.09858796296296303
0 0.15464583333333334 0.25025462962962963 0.013020833333333334 0.11622685185185187
0 0.13555208333333332 0.2358101851851852 0.01141145833333333 0.05155092592592595
0 0.13054166666666667 0.2902314814814815 0.016749999999999984 0.12465277777777779
0 0.14305208333333336 0.30909722222222225 0.019822916666666683 0.13634259259259257
0 0.08965104166666667 0.4735648148148148 0.012510416666666658 0.03613425925925929
0 0.09019791666666667 0.5751388888888889 0.014338541666666652 0.04094907407407407
0 0.055817708333333334 0.5294675925925926 0.009947916666666664 0.03090277777777783
0 0.07417708333333332 0.627962962962963 0.01594791666666667 0.0393055555555556
0 0.05201041666666666 0.595138888888889 0.0052656249999999925 0.045162037037037014
0 0.059875 0.6945833333333333 0.015874999999999993 0.036018518518518394
0 0.02403125 0.6214583333333334 0.005630208333333334 0.0393055555555556