2 0.8350677083333333 0.5737268518518518 0.059026041666666626 0.3818749999999999
2 0.6659739583333334 0.4035416666666667 0.04027604166666663 0.24226851851851855
2 0.6152760416666666 0.4625462962962963 0.043057291666666705 0.22912037037037042
2 0.34618229166666664 0.48416666666666663 0.04652604166666663 0.2106018518518519
2 0.41171875 0.6731250000000001 0.06822916666666666 0.3262037037037036
2 0.11441145833333331 0.5925 0.06562499999999999 0.48129629629629633
1 0.19626562499999997 0.5949074074074074 0.15468749999999998 0.8101851851851852
1 0.759375 0.5987731481481482 0.1506927083333333 0.8024537037037036
0 0.9654635416666667 0.7342592592592593 0.0129635416666666 0.0549305555555556
0 0.915265625 0.571712962962963 0.01224999999999999 0.05125000000000003
0 0.9284583333333334 0.5989351851851852 0.011921874999999934 0.036203703703703675
0 0.929015625 0.6206481481481482 0.012380208333333325 0.05064814814814814
0 0.8261458333333334 0.2637037037037037 0.012510416666666658 0.0577546296296296
0 0.8198593750000001 0.33895833333333336 0.021432291666666714 0.12717592592592591
0 0.8320052083333334 0.32405092592592594 0.019020833333333324 0.12921296296296295
0 0.8230520833333334 0.5126388888888889 0.026515624999999925 0.05993055555555552
0 0.8113906249999999 0.5641666666666667 0.030552083333333258 0.0795833333333334
0 0.8070572916666666 0.2684722222222222 0.014723958333333323 0.09914351851851855
0 0.7749375000000001 0.2532638888888889 0.009119791666666781 0.0948148148148148
0 0.7800833333333334 0.3360416666666666 0.012901041666666658 0.14456018518518515
0 0.7712239583333333 0.4327314814814815 0.005604166666666781 0.094699074074074
0 0.7523645833333333 0.2524074074074074 0.008927083333333268 0.09886574074074075
0 0.7448697916666667 0.3312731481481482 0.013484374999999934 0.14946759259259257
0 0.7505729166666666 0.4317361111111111 0.007296875000000114 0.10136574074074078
0 0.7171822916666667 0.2571759259259259 0.014656249999999933 0.10550925925925922
0 0.6997552083333333 0.23590277777777777 0.00990104166666678 0.04849537037037034
0 0.6932760416666667 0.2971296296296297 0.017135416666666715 0.12749999999999997
0 0.7043177083333333 0.3146296296296296 0.019020833333333324 0.13645833333333332
0 0.7237291666666666 0.44317129629629626 0.013552083333333324 0.08081018518518511
0 0.7183229166666667 0.654050925925926 0.022281250000000103 0.0711342592592593
0 0.7497604166666666 0.9902083333333332 0.029770833333333257 0.019583333333333418
0 0.37890104166666666 0.5637268518518519 0.009249999999999996 0.046875
0 0.37089062500000003 0.5589583333333333 0.007557291666666662 0.04023148148148147
0 0.3016041666666667 0.47458333333333336 0.014265625000000053 0.03071759259259255
0 0.2550572916666667 0.30652777777777773 0.023453125000000016 0.1492129629629629
0 0.2631354166666667 0.6550694444444445 0.018760416666666658 0.04712962962962966
0 0.25361979166666665 0.661712962962963 0.02058854166666665 0.07780092592592595
0 0.21492187499999998 0.3189583333333333 0.013552083333333324 0.1537962962962963
0 0.18577083333333333 0.23703703703703705 0.009317708333333325 0.09999999999999998
0 0.18619270833333335 0.4162268518518519 0.006906249999999995 0.08194444444444439
0 0.18052604166666666 0.32055555555555554 0.012510416666666658 0.14828703703703705
0 0.15290104166666665 0.2545601851851852 0.01459374999999999 0.10895833333333332
0 0.13391145833333334 0.23763888888888887 0.00983854166666666 0.054837962962962956
0 0.141046875 0.31013888888888885 0.019546874999999984 0.13902777777777778
0 0.12817708333333336 0.2969675925925926 0.019218750000000003 0.12138888888888888
0 0.13498958333333333 0.5032175925925926 0.026968749999999986 0.07930555555555553
0 0.09472395833333333 0.4671759259259259 0.012901041666666658 0.02749999999999999
0 0.066125 0.5114814814814815 0.00911979166666667 0.029212962962962972
0 0.059578125 0.5509953703703704 0.009708333333333341 0.02428240740740743
0 0.05944791666666667 0.5765972222222222 0.014656250000000008 0.026296296296296328
0 0.013484375 0.6663657407407407 0.011333333333333336 0.040787037037037045