2 0.6287343750000001 0.538912037037037 0.050869791666666705 0.27381944444444445
2 0.37881770833333334 0.7781712962962963 0.06319270833333329 0.44365740740740733
1 0.26640625 0.6238425925925926 0.16302083333333334 0.7523148148148148
1 0.7844635416666667 0.5968287037037037 0.16441145833333337 0.8063194444444446
0 0.07079166666666666 0.6677314814814814 0.010468750000000004 0.03518518518518529
0 0.05946354166666667 0.7061111111111111 0.011546874999999993 0.03518518518518529
0 0.0734375 0.7002314814814815 0.014677083333333337 0.02583333333333326
0 0.05921875 0.7324768518518519 0.01376041666666666 0.049537037037036984
0 0.16006770833333334 0.7475925925925926 0.019588541666666674 0.048587962962962986
0 0.18791145833333334 0.7595833333333333 0.019156249999999986 0.053379629629629506
0 0.22840625 0.7948148148148149 0.02406770833333335 0.07111111111111118
0 0.257921875 0.8313657407407407 0.03021875000000002 0.08428240740740733
0 0.1989739583333333 0.3076157407407407 0.011062500000000005 0.0463888888888889
0 0.19325520833333334 0.37305555555555553 0.019046875000000026 0.13409722222222223
0 0.205421875 0.3902083333333333 0.02233854166666666 0.1419907407407408
0 0.2185625 0.32893518518518516 0.016781250000000015 0.11303240740740737
0 0.2554427083333333 0.5019675925925926 0.0036666666666666475 0.09212962962962966
0 0.2523125 0.3131481481481482 0.010359374999999994 0.10541666666666669
0 0.24732291666666667 0.4006481481481482 0.013869791666666664 0.1605092592592592
0 0.2785625 0.3179398148148148 0.010520833333333358 0.10541666666666669
0 0.2784270833333334 0.5063888888888889 0.008635416666666628 0.09858796296296303
0 0.30896875 0.5261805555555555 0.0222291666666667 0.08780092592592594
0 0.32704687499999996 0.5491898148148148 0.018453125000000032 0.09546296296296299
0 0.3501927083333333 0.6937731481481481 0.016187499999999962 0.04407407407407399
0 0.3564791666666667 0.5435648148148148 0.006635416666666671 0.06261574074074076
0 0.38666666666666666 0.5620370370370371 0.013057291666666634 0.027638888888888883
0 0.39201041666666664 0.5956018518518519 0.02482291666666671 0.046782407407407425
0 0.41103124999999996 0.5965509259259258 0.01268229166666662 0.03912037037037032
0 0.43140104166666665 0.6231712962962962 0.012947916666666615 0.030000000000000086
0 0.4365833333333333 0.6488194444444445 0.008203125 0.03812500000000006
0 0.44402604166666665 0.6440277777777779 0.012302083333333276 0.02854166666666676
0 0.4524427083333334 0.6728009259259259 0.014031250000000028 0.028518518518518634
0 0.46793229166666667 0.7263888888888889 0.011546875000000038 0.05175925925925929
0 0.34525520833333334 0.9875462962962963 0.02681770833333334 0.024907407407407385
0 0.3132604166666667 0.3355787037037037 0.016781250000000015 0.11430555555555555
0 0.3306614583333333 0.3440972222222222 0.01651041666666669 0.11453703703703705
0 0.6785885416666667 0.4972916666666667 0.0135989583333334 0.025231481481481428
0 0.6721666666666667 0.524375 0.006151041666666638 0.03625000000000006
0 0.7611145833333333 0.51 0.009229166666666563 0.026666666666666623
0 0.7613854166666666 0.5279861111111112 0.010843750000000086 0.01946759259259265
0 0.75553125 0.5338657407407408 0.016942708333333438 0.019236111111111117
0 0.7521041666666667 0.5446527777777778 0.016026041666666657 0.026412037037037095
0 0.7811614583333333 0.5217592592592593 0.01100520833333339 0.02618055555555556
0 0.81159375 0.48877314814814815 0.007124999999999914 0.03460648148148145
0 0.8223854166666666 0.5171990740740741 0.009281250000000085 0.031458333333333276
0 0.7165208333333334 0.2485416666666667 0.011223958333333428 0.04335648148148146
0 0.7239375 0.32872685185185185 0.022286458333333314 0.14377314814814818
0 0.7110416666666667 0.3142361111111111 0.019156250000000104 0.13634259259259257
0 0.7413385416666666 0.46743055555555557 0.02201562499999999 0.08303240740740742
0 0.7114479166666666 0.4839814814814815 0.014031250000000028 0.025023148148148152
0 0.7149010416666666 0.5653703703703704 0.007984374999999962 0.036712962962962996
0 0.7330572916666667 0.6112962962962962 0.005343750000000114 0.031180555555555618
0 0.723859375 0.48530092592592594 0.019427083333333428 0.09717592592592597
0 0.7201614583333333 0.5171990740740741 0.027682291666666713 0.06023148148148144
0 0.73165625 0.568125 0.03016145833333326 0.10217592592592589
0 0.7507291666666667 0.621712962962963 0.01705208333333322 0.04868055555555549
0 0.726015625 0.6323842592592592 0.019427083333333428 0.10597222222222216
0 0.7344583333333333 0.7312731481481483 0.029302083333333447 0.09032407407407403
0 0.771125 0.25537037037037036 0.009281250000000085 0.10256944444444445
0 0.766890625 0.34023148148148147 0.014296874999999905 0.1571990740740741
0 0.7751197916666667 0.44525462962962964 0.004317708333333314 0.0986342592592593
0 0.7682135416666667 0.5925925925925926 0.01424479166666662 0.09351851851851846
0 0.7955416666666667 0.25416666666666665 0.01008854166666661 0.10497685185185184
0 0.79403125 0.444537037037037 0.004911458333333248 0.10199074074074074
0 0.8019895833333333 0.34023148148148147 0.012734374999999905 0.1571990740740741
0 0.8023125 0.5915046296296297 0.013380208333333362 0.09377314814814819
0 0.8314791666666667 0.26916666666666667 0.01505208333333338 0.11335648148148145
0 0.8507708333333334 0.25023148148148144 0.01100520833333339 0.05150462962962963
0 0.8568645833333334 0.30571759259259257 0.017807291666666693 0.13611111111111113
0 0.8448593750000001 0.3298148148148148 0.022390624999999886 0.14354166666666665
0 0.8277812499999999 0.4595138888888889 0.021151041666666735 0.08159722222222222
0 0.845640625 0.48085648148148147 0.01909895833333337 0.09071759259259259
0 0.8495260416666667 0.5110648148148148 0.029031249999999887 0.06479166666666669
0 0.838140625 0.566574074074074 0.031078125000000036 0.0918518518518518
0 0.8220885416666667 0.6114120370370371 0.011385416666666733 0.04245370370370371
0 0.8442135416666667 0.629375 0.018937500000000065 0.1023842592592593
0 0.8755885416666668 0.4850694444444445 0.01424479166666662 0.02958333333333327
0 0.8893749999999999 0.48543981481481485 0.012140624999999971 0.023101851851851894
0 0.9028958333333333 0.5090509259259259 0.010578124999999971 0.029560185185185144
0 0.9173802083333332 0.5215046296296296 0.013114583333333247 0.025717592592592625
0 0.9235572916666667 0.537337962962963 0.007661458333333353 0.03819444444444445
0 0.9328125 0.5508796296296296 0.013760416666666704 0.02451388888888883
0 0.9429322916666667 0.5535185185185185 0.006473958333333248 0.025000000000000026
0 0.9455208333333334 0.574375 0.01381249999999999 0.023541666666666704
0 0.9497291666666666 0.588888888888889 0.0135989583333334 0.030972222222222276
0 0.9818645833333334 0.6545833333333333 0.013651041666666686 0.03763888888888887
0 0.7356197916666667 0.2716203703703704 0.01597395833333337 0.11347222222222221