2 0.7559895833333333 0.8263888888888888 0.10746354166666663 0.3472222222222222
2 0.187671875 0.9266898148148148 0.11493229166666664 0.14659722222222232
2 0.067015625 0.5802083333333333 0.04375 0.1789120370370371
1 0.198265625 0.5949074074074074 0.1534739583333333 0.8101851851851852
1 0.7594635416666667 0.5990046296296296 0.1491302083333333 0.7952546296296296
0 0.9300833333333334 0.7475231481481481 0.01696354166666675 0.035486111111111204
0 0.9015677083333333 0.5283796296296296 0.005114583333333419 0.05567129629629632
0 0.8947031249999999 0.5927777777777777 0.016114583333333363 0.03291666666666673
0 0.8476874999999999 0.5617129629629629 0.009890624999999886 0.04657407407407409
0 0.8251770833333333 0.27645833333333336 0.016026041666666657 0.08990740740740745
0 0.8215572916666667 0.33555555555555555 0.023276041666666695 0.13231481481481483
0 0.8085520833333334 0.2741898148148148 0.015177083333333266 0.10050925925925923
0 0.7762447916666667 0.255625 0.0102291666666666 0.10129629629629627
0 0.7527552083333333 0.2529861111111111 0.010145833333333344 0.1035648148148148
0 0.7024114583333334 0.2679398148148148 0.016026041666666657 0.12210648148148148
0 0.6940989583333333 0.2940740740740741 0.019010416666666665 0.1364814814814815
0 0.34634895833333335 0.5139814814814815 0.01321354166666661 0.04206018518518522
0 0.2810833333333333 0.49976851851851856 0.008015625000000052 0.07046296296296296
0 0.257171875 0.301087962962963 0.023276041666666695 0.13157407407407412
0 0.18764583333333332 0.23326388888888888 0.00954687500000002 0.10277777777777779
0 0.15478125 0.25145833333333334 0.014578125000000004 0.11187499999999996
0 0.13883854166666668 0.2607407407407407 0.01508854166666668 0.11148148148148147
0 0.13116666666666668 0.2891435185185185 0.02020312500000001 0.1303935185185185
0 0.08836458333333333 0.4783564814814815 0.010484374999999997 0.03143518518518515
0 0.04011458333333333 0.5463657407407407 0.012875 0.04995370370370367