2 0.895484375 0.41935185185185186 0.05485937499999996 0.2661805555555556
2 0.617796875 0.41898148148148145 0.05329687499999996 0.18055555555555555
2 0.3467864583333334 0.41858796296296297 0.049479166666666664 0.1875
2 0.39227604166666663 0.7299305555555555 0.07795312500000004 0.5401157407407409
2 0.14522395833333332 0.36074074074074075 0.05260416666666667 0.21067129629629627
1 0.2503489583333333 0.5326620370370371 0.16735937500000003 0.8477546296296297
1 0.7604166666666666 0.5064351851851852 0.16666666666666666 0.857013888888889
0 0.9379895833333334 0.47650462962962964 0.013114583333333247 0.03574074074074073
0 0.948734375 0.5037268518518518 0.009578124999999934 0.03648148148148146
0 0.95084375 0.5326851851851852 0.012942708333333285 0.05217592592592597
0 0.9524427083333333 0.5765740740740741 0.01527083333333342 0.028773148148148162
0 0.9531302083333333 0.5965046296296296 0.016651041666666564 0.037962962962962914
0 0.96625 0.6264120370370371 0.01527083333333342 0.036412037037037076
0 0.8023072916666667 0.3392361111111111 0.022177083333333295 0.08715277777777776
0 0.8196927083333333 0.364537037037037 0.01984374999999995 0.0917361111111111
0 0.8239635416666666 0.41534722222222226 0.029249999999999925 0.09745370370370375
0 0.8275885416666667 0.12743055555555555 0.012338541666666696 0.05083333333333335
0 0.8335 0.1881712962962963 0.01984374999999995 0.13782407407407404
0 0.8206875 0.20888888888888887 0.02269270833333342 0.14856481481481484
0 0.8076145833333332 0.14525462962962962 0.016395833333333342 0.11331018518518518
0 0.7736197916666666 0.1329861111111111 0.009145833333333304 0.10412037037037035
0 0.7774166666666668 0.21655092592592592 0.01466666666666659 0.16388888888888886
0 0.7692187500000001 0.3162268518518519 0.003453125000000057 0.08715277777777776
0 0.7686145833333333 0.45023148148148145 0.003968749999999943 0.09819444444444449
0 0.748125 0.12761574074074075 0.010442708333333429 0.10872685185185187
0 0.7398385416666666 0.21252314814814816 0.014583333333333334 0.15967592592592597
0 0.7485520833333333 0.3124074074074074 0.006125000000000114 0.0948148148148148
0 0.7111510416666668 0.13469907407407408 0.016739583333333266 0.11907407407407407
0 0.69065625 0.11305555555555556 0.012854166666666582 0.048935185185185186
0 0.685609375 0.18032407407407408 0.017427083333333353 0.14129629629629628
0 0.6983802083333334 0.19891203703703705 0.022260416666666553 0.15930555555555553
0 0.6929427083333334 0.3873611111111111 0.03036979166666664 0.06449074074074078
0 0.7043750000000001 0.4381481481481482 0.03166666666666676 0.1008796296296296
0 0.70890625 0.5430092592592592 0.022604166666666713 0.06900462962962964
0 0.7202552083333333 0.6058796296296296 0.025453124999999945 0.07203703703703705
0 0.6296093749999999 0.3735648148148148 0.024505208333333427 0.05224537037037035
0 0.5658489583333334 0.458287037037037 0.009145833333333304 0.029953703703703698
0 0.5667135416666667 0.48032407407407407 0.01086979166666661 0.03185185185185183
0 0.5654166666666666 0.49546296296296294 0.010010416666666562 0.05064814814814814
0 0.560671875 0.5015972222222222 0.009145833333333304 0.04756944444444447
0 0.45436979166666663 0.6700694444444445 0.00966145833333331 0.05087962962962967
0 0.4484583333333333 0.6913425925925927 0.009057291666666719 0.05124999999999997
0 0.440734375 0.7425231481481481 0.013458333333333291 0.05006944444444444
0 0.41140104166666663 0.5209259259259259 0.013458333333333291 0.09773148148148142
0 0.36416145833333335 0.43812500000000004 0.020796875000000034 0.054837962962962956
0 0.29953125 0.47625 0.030458333333333344 0.08891203703703697
0 0.3176979166666667 0.18280092592592592 0.010697916666666647 0.050347222222222224
0 0.32161979166666665 0.24125 0.019411458333333322 0.13275462962962964
0 0.3095833333333333 0.25178240740740737 0.022088541666666708 0.14233796296296294
0 0.29703124999999997 0.19601851851851854 0.016822916666666642 0.10363425925925929
0 0.2657552083333333 0.17319444444444443 0.010354166666666694 0.10020833333333332
0 0.26989583333333333 0.2512037037037037 0.015187500000000013 0.1526851851851852
0 0.26014583333333335 0.3453472222222222 0.004312499999999986 0.08400462962962968
0 0.23926562499999998 0.33881944444444445 0.010010416666666681 0.0939814814814815
0 0.24098958333333334 0.1611111111111111 0.010010416666666681 0.10289351851851851
0 0.23309375000000002 0.24622685185185186 0.0140625 0.15039351851851854
0 0.20803125 0.16668981481481482 0.013114583333333308 0.11016203703703704
0 0.18934895833333334 0.14023148148148148 0.011130208333333336 0.049606481481481494
0 0.18248958333333334 0.20041666666666666 0.01725520833333333 0.13162037037037036
0 0.19379166666666667 0.2230324074074074 0.02088020833333335 0.1385185185185185
0 0.20915104166666668 0.3506944444444444 0.020536458333333306 0.07939814814814818
0 0.22041145833333334 0.41837962962962966 0.007677083333333338 0.04217592592592599
0 0.19180729166666666 0.3685416666666667 0.01863541666666665 0.09587962962962966
0 0.18736458333333333 0.3959490740740741 0.026145833333333358 0.0625
0 0.19815104166666667 0.4475 0.02873437499999998 0.10043981481481479
0 0.17161979166666666 0.3599074074074074 0.012770833333333323 0.021111111111111122
0 0.15475 0.3600925925925926 0.012682291666666679 0.03300925925925924
0 0.06298958333333333 0.4641898148148148 0.00863020833333333 0.045601851851851824
0 0.068765625 0.487962962962963 0.008109374999999997 0.03178240740740745
0 0.04870833333333333 0.5211111111111111 0.010265625000000004 0.03291666666666673