2 0.8677083333333333 0.6817129629629629 0.07569270833333329 0.6365740740740741
2 0.3299479166666667 0.5003472222222223 0.04704687499999996 0.25842592592592595
2 0.28290104166666663 0.5871296296296296 0.060588541666666655 0.36250000000000004
1 0.19965104166666664 0.5878240740740741 0.15624999999999997 0.8114583333333335
1 0.7640625 0.6006944444444444 0.15659895833333337 0.7986111111111112
0 0.8368958333333333 0.5968981481481482 0.00774479166666661 0.05212962962962959
0 0.8278385416666667 0.256875 0.01086979166666661 0.04398148148148148
0 0.8335572916666667 0.3258333333333333 0.01792708333333337 0.12361111111111109
0 0.82078125 0.33999999999999997 0.020489583333333408 0.13525462962962964
0 0.8408645833333334 0.4624074074074074 0.026296874999999886 0.1190972222222222
0 0.8078177083333333 0.2760185185185185 0.016427083333333314 0.09893518518518517
0 0.7720520833333333 0.4345138888888889 0.0054947916666667615 0.08831018518518513
0 0.787859375 0.5487268518518519 0.008369791666666753 0.05298611111111108
0 0.7759895833333333 0.25645833333333334 0.009619791666666563 0.0958796296296296
0 0.75253125 0.25409722222222225 0.009557291666666618 0.10504629629629632
0 0.7026822916666667 0.26962962962962966 0.014807291666666582 0.11393518518518518
0 0.69415625 0.29793981481481485 0.018364583333333448 0.12613425925925928
0 0.7188333333333333 0.6558796296296295 0.023989583333333304 0.07847222222222217
0 0.35541666666666666 0.5232175925925926 0.01243229166666661 0.03525462962962967
0 0.2571822916666667 0.3059953703703704 0.022739583333333317 0.13668981481481485
0 0.18740625 0.23662037037037037 0.009369791666666672 0.09787037037037037
0 0.18928125 0.41509259259259257 0.005619791666666648 0.0938888888888889
0 0.18222395833333332 0.3155787037037037 0.01274479166666668 0.15305555555555556
0 0.155515625 0.25145833333333334 0.013682291666666657 0.10812499999999999
0 0.13574479166666667 0.2298148148148148 0.010994791666666674 0.050972222222222245
0 0.13062500000000002 0.2933796296296296 0.018239583333333323 0.12807870370370372
0 0.14339583333333333 0.3058564814814815 0.020677083333333342 0.13641203703703705
0 0.08902083333333333 0.4747685185185185 0.01061979166666666 0.03833333333333334
0 0.093578125 0.577337962962963 0.010994791666666674 0.04631944444444449
0 0.07418229166666666 0.6232638888888888 0.01530729166666666 0.041041666666666705
0 0.05909374999999999 0.6969675925925926 0.01698958333333333 0.035717592592592474
0 0.05666145833333334 0.5341666666666667 0.010869791666666668 0.034976851851851884
0 0.04060416666666666 0.5490277777777778 0.012494791666666671 0.03414351851851852
0 0.02373958333333333 0.6199305555555555 0.006244791666666664 0.045462962962962934
0 0.023614583333333335 0.686412037037037 0.010994791666666667 0.0479398148148149