2 0.85625 0.49918981481481484 0.06666666666666667 0.3409490740740741
2 0.800171875 0.3800462962962963 0.05520833333333333 0.07951388888888894
2 0.6461822916666667 0.6315509259259259 0.10485937499999996 0.7368750000000001
2 0.15859375 0.49569444444444444 0.06197916666666667 0.526875
2 0.28272395833333336 0.3858101851851852 0.028994791666666703 0.09879629629629631
1 0.2515625 0.533449074074074 0.159375 0.8647222222222224
1 0.7602447916666667 0.4994907407407408 0.16979166666666667 0.8585648148148147
0 0.9481666666666667 0.5018055555555555 0.010812500000000114 0.03377314814814809
0 0.9514739583333333 0.5337731481481481 0.012062499999999924 0.04606481481481476
0 0.9530364583333333 0.5941203703703705 0.01608333333333339 0.03967592592592589
0 0.9659010416666667 0.6243055555555556 0.016802083333333447 0.03648148148148146
0 0.893609375 0.4061342592592592 0.013406249999999887 0.040972222222222195
0 0.8703749999999999 0.7344907407407407 0.016979166666666618 0.08604166666666657
0 0.80746875 0.14643518518518517 0.01536979166666678 0.10939814814814816
0 0.8285572916666666 0.12837962962962962 0.011083333333333438 0.053425925925925925
0 0.8330208333333334 0.1907175925925926 0.020015624999999915 0.1383564814814815
0 0.8209583333333333 0.20858796296296298 0.02269791666666663 0.15025462962962963
0 0.7735520833333334 0.13136574074074073 0.010989583333333285 0.11099537037037036
0 0.7777083333333333 0.2184953703703704 0.014833333333333342 0.16217592592592597
0 0.768015625 0.32074074074074077 0.0034843750000000282 0.10057870370370368
0 0.8021041666666666 0.33782407407407405 0.02252083333333322 0.07912037037037038
0 0.769265625 0.44442129629629634 0.005989583333333334 0.09773148148148154
0 0.747234375 0.31539351851851855 0.009291666666666743 0.10175925925925924
0 0.7477708333333334 0.12699074074074074 0.01036458333333338 0.11020833333333331
0 0.7397760416666667 0.21314814814814814 0.014921875000000048 0.16335648148148146
0 0.7110885416666667 0.1388888888888889 0.016531249999999886 0.11814814814814813
0 0.6904947916666667 0.11944444444444445 0.01197395833333322 0.05541666666666666
0 0.6849531249999999 0.17761574074074074 0.018765625000000105 0.13599537037037038
0 0.6978645833333333 0.19627314814814817 0.022249999999999895 0.14946759259259257
0 0.7082760416666667 0.5407175925925926 0.02072916666666676 0.06391203703703707
0 0.7190885416666667 0.6082175925925926 0.02627083333333336 0.07182870370370364
0 0.5690520833333333 0.4694675925925926 0.014833333333333342 0.028611111111111143
0 0.5670833333333333 0.48097222222222225 0.010901041666666582 0.027824074074074032
0 0.5648072916666667 0.4958564814814815 0.012598958333333361 0.04567129629629634
0 0.5596666666666666 0.4970601851851852 0.008578124999999897 0.0401157407407407