2 0.9180572916666667 0.5142361111111111 0.058333333333333334 0.317037037037037
2 0.35208333333333336 0.35379629629629633 0.044442708333333296 0.24307870370370369
2 0.395921875 0.3989120370370371 0.04010416666666667 0.23300925925925928
2 0.42560937499999996 0.7646527777777777 0.10295312500000003 0.4706712962962964
1 0.24522395833333333 0.5272685185185184 0.162328125 0.8523842592592593
1 0.7402760416666666 0.5265046296296296 0.1680572916666667 0.8662731481481482
0 0.9475833333333333 0.5606018518518519 0.013656249999999896 0.027268518518518456
0 0.810421875 0.13212962962962962 0.013255208333333239 0.03282407407407409
0 0.78878125 0.16458333333333333 0.01629166666666677 0.1154861111111111
0 0.728046875 0.1555324074074074 0.0106197916666666 0.10805555555555557
0 0.6938697916666666 0.17629629629629628 0.01573437500000002 0.11761574074074074
0 0.6760208333333334 0.18409722222222222 0.01756770833333334 0.1190277777777778
0 0.66803125 0.20965277777777777 0.020765624999999944 0.1417361111111111
0 0.6918333333333333 0.748287037037037 0.023640624999999933 0.09743055555555563
0 0.7270885416666667 0.9775694444444445 0.03426041666666677 0.0448611111111111
0 0.42032291666666666 0.5094444444444445 0.012979166666666705 0.034722222222222224
0 0.36904166666666666 0.5449305555555556 0.01771874999999999 0.03175925925925932
0 0.3409010416666666 0.5446527777777778 0.01270833333333338 0.055972222222222236
0 0.32971874999999995 0.38208333333333333 0.0081666666666667 0.02337962962962968
0 0.3105364583333333 0.14453703703703702 0.011276041666666714 0.037916666666666654
0 0.31471354166666665 0.20425925925925925 0.016395833333333342 0.13722222222222222
0 0.3030833333333333 0.219375 0.020994791666666637 0.1415277777777778
0 0.3066770833333334 0.39590277777777777 0.013286458333333329 0.027986111111111052
0 0.29128645833333333 0.1705787037037037 0.01555208333333328 0.11016203703703704
0 0.25707291666666665 0.15949074074074077 0.010630208333333316 0.10238425925925923
0 0.199203125 0.17618055555555556 0.015421875000000007 0.11275462962962965
0 0.17995833333333333 0.1538888888888889 0.010630208333333316 0.042222222222222223
0 0.17377083333333332 0.21476851851851853 0.018338541666666687 0.1323148148148148
0 0.1857916666666667 0.22886574074074076 0.022291666666666644 0.14324074074074072
0 0.20730208333333333 0.3996296296296296 0.010885416666666654 0.029699074074074037
0 0.23938020833333334 0.7497685185185184 0.03227083333333335 0.05025462962962971
0 0.10579166666666667 0.45319444444444446 0.009395833333333345 0.03312500000000001