2 0.957984375 0.6769907407407407 0.0618072916666667 0.34935185185185175
2 0.86640625 0.52 0.07829687499999996 0.33631944444444434
2 0.35833333333333334 0.5728240740740742 0.07777604166666663 0.5885416666666667
2 0.18133854166666669 0.4386574074074074 0.027604166666666666 0.10416666666666667
2 0.13238020833333333 0.600949074074074 0.08246354166666665 0.729675925925926
0 0.8070833333333333 0.14539351851851853 0.016546874999999992 0.11439814814814817
0 0.8254583333333334 0.16034722222222222 0.016692708333333427 0.11828703703703702
0 0.8325625 0.18962962962962962 0.020645833333333266 0.13780092592592594
0 0.8005260416666666 0.42483796296296295 0.006369791666666676 0.029004629629629568
0 0.7704010416666667 0.035740740740740747 0.009812500000000076 0.06432870370370371
0 0.7580260416666668 0.3953935185185185 0.00703125 0.07097222222222228
0 0.69103125 0.11462962962962964 0.011421874999999915 0.04965277777777778
0 0.6848802083333333 0.17953703703703705 0.019624999999999913 0.14363425925925927
0 0.6979843750000001 0.19708333333333333 0.02094270833333335 0.15273148148148147
0 0.6706406250000001 0.39229166666666665 0.006515625000000113 0.07453703703703701
0 0.5951510416666667 0.41555555555555557 0.013692708333333314 0.03972222222222228
0 0.331203125 0.4524768518518518 0.007833333333333314 0.06150462962962961
0 0.3217916666666667 0.24344907407407404 0.019036458333333308 0.12831018518518517
0 0.3097864583333333 0.2532175925925926 0.02138020833333331 0.1348148148148148
0 0.24766145833333333 0.42254629629629625 0.006953125000000012 0.06673611111111108
0 0.23265104166666667 0.24280092592592592 0.013546874999999995 0.15303240740740737
0 0.20859895833333333 0.1670138888888889 0.01303124999999999 0.11208333333333335
0 0.19157291666666668 0.1761111111111111 0.014864583333333315 0.11729166666666666