2 0.8444427083333333 0.7299305555555555 0.09166666666666666 0.5401157407407409
2 0.7024322916666667 0.4201388888888889 0.050692708333333295 0.22143518518518512
2 0.614234375 0.42784722222222227 0.0618072916666667 0.2677083333333334
2 0.4588541666666667 0.7394444444444445 0.06701562500000004 0.48969907407407415
2 0.11909895833333332 0.39587962962962964 0.046526041666666657 0.17428240740740744
2 0.11284895833333332 0.4509953703703704 0.05208333333333332 0.22141203703703713
1 0.24453125 0.5184027777777778 0.1609375 0.8269212962962963
1 0.741578125 0.5403703703703704 0.16545312500000003 0.8631712962962963
0 0.9425729166666666 0.5993055555555555 0.017177083333333343 0.04101851851851858
0 0.9241354166666667 0.4811111111111111 0.013130208333333353 0.038726851851851894
0 0.8791354166666667 0.42310185185185184 0.013968750000000085 0.03807870370370368
0 0.7254322916666667 0.4911111111111111 0.01419791666666678 0.10282407407407411
0 0.6804270833333333 0.38782407407407404 0.021145833333333287 0.08965277777777782
0 0.6758489583333334 0.439375 0.030307291666666694 0.09775462962962968
0 0.6978333333333333 0.3708796296296296 0.02236458333333336 0.09643518518518525
0 0.6725677083333333 0.14787037037037037 0.013052083333333304 0.04060185185185187
0 0.6678697916666666 0.2094212962962963 0.018166666666666723 0.13993055555555556
0 0.6798958333333334 0.22925925925925927 0.021604166666666678 0.14909722222222221
0 0.6942083333333334 0.17296296296296296 0.017406250000000036 0.11791666666666666
0 0.7313072916666666 0.3466203703703704 0.00610937500000001 0.09881944444444445
0 0.753140625 0.35 0.010078124999999953 0.10560185185185186
0 0.7283333333333334 0.16039351851851855 0.010838541666666639 0.11317129629629631
0 0.723828125 0.23756944444444444 0.015572916666666714 0.16231481481481483
0 0.7535624999999999 0.15599537037037037 0.009848958333333258 0.10842592592592594
0 0.7596666666666666 0.22993055555555555 0.014734374999999982 0.1640046296296296
0 0.7887916666666667 0.1663425925925926 0.01572395833333336 0.11486111111111112
0 0.8065364583333333 0.17837962962962964 0.0168697916666666 0.11520833333333336
0 0.8147083333333334 0.20041666666666666 0.019463541666666608 0.13893518518518522
0 0.692453125 0.7512500000000001 0.02229166666666676 0.0938425925925925
0 0.522375 0.6394907407407407 0.014197916666666663 0.05692129629629637
0 0.46008333333333334 0.6259259259259259 0.012520833333333314 0.03997685185185181
0 0.44390104166666666 0.5531712962962962 0.00763541666666671 0.04712962962962966
0 0.4304270833333333 0.5392824074074074 0.0058802083333333146 0.026111111111111047
0 0.4303854166666667 0.564375 0.0035104166666666712 0.022037037037036994
0 0.43504166666666666 0.5786111111111111 0.014348958333333309 0.02337962962962968
0 0.43481770833333333 0.602199074074074 0.015421874999999948 0.03319444444444445
0 0.4225260416666667 0.47923611111111114 0.004578124999999981 0.034976851851851884
0 0.4090520833333333 0.4995833333333333 0.011984374999999995 0.03495370370370376
0 0.37084374999999997 0.4675462962962963 0.012671874999999963 0.042106481481481474
0 0.40870833333333334 0.5684259259259259 0.009005208333333315 0.08444444444444449
0 0.239890625 0.7478703703703703 0.03168229166666669 0.056527777777777684
0 0.2877916666666666 0.36000000000000004 0.02137499999999998 0.07810185185185187
0 0.3045833333333333 0.3766203703703703 0.0183229166666667 0.09099537037037038
0 0.3079791666666667 0.40546296296296297 0.027406249999999945 0.06043981481481485
0 0.296796875 0.45532407407407405 0.030229166666666647 0.09909722222222223
0 0.3096979166666667 0.14430555555555558 0.0117552083333333 0.04023148148148147
0 0.31530729166666666 0.20465277777777777 0.017635416666666615 0.13381944444444446
0 0.30408854166666666 0.2197453703703704 0.021145833333333287 0.13347222222222221
0 0.29206770833333334 0.17261574074074074 0.014656250000000053 0.11381944444444446
0 0.25676041666666666 0.16175925925925924 0.008932291666666654 0.10569444444444444
0 0.254734375 0.34168981481481486 0.005651041666666678 0.0957638888888889
0 0.26176041666666666 0.48057870370370376 0.013588541666666683 0.09194444444444451
0 0.262140625 0.23585648148148153 0.012822916666666668 0.15550925925925932
0 0.234203125 0.16175925925925924 0.008854166666666666 0.10569444444444444
0 0.23431770833333332 0.34118055555555554 0.009848958333333317 0.09134259259259257
0 0.22687500000000002 0.4836342592592593 0.015572916666666655 0.09127314814814816
0 0.22557812500000002 0.23824074074074075 0.014505208333333346 0.15347222222222218
0 0.19958333333333333 0.17548611111111112 0.015192708333333312 0.1162037037037037
0 0.20775 0.3669675925925926 0.014734374999999982 0.08861111111111118
0 0.1802291666666667 0.15395833333333334 0.009312499999999998 0.04261574074074073
0 0.17404687500000002 0.21465277777777778 0.01679166666666667 0.13009259259259262
0 0.1861875 0.22891203703703702 0.021223958333333334 0.14500000000000005
0 0.18198958333333334 0.41361111111111115 0.02961979166666667 0.06314814814814808
0 0.19282812500000002 0.4576851851851852 0.029921875000000025 0.09706018518518521
0 0.13607291666666665 0.4005324074074074 0.010307291666666663 0.030254629629629614
0 0.07423958333333333 0.4933101851851852 0.011833333333333317 0.02916666666666672
0 0.07099479166666667 0.5175462962962963 0.009161458333333327 0.040347222222222236
0 0.0548125 0.5587731481481482 0.010380208333333337 0.04474537037037033
0 0.07427604166666667 0.6512037037037037 0.014197916666666663 0.049791666666666644