2 0.8984375 0.3788657407407407 0.057291666666666664 0.25462962962962965
2 0.6766510416666667 0.7974537037037037 0.09114583333333333 0.4050925925925926
2 0.6043385416666667 0.4224537037037037 0.059375 0.21062500000000003
2 0.11866145833333334 0.45405092592592594 0.05850520833333332 0.32016203703703705
2 0.24574479166666663 0.84375 0.0973958333333333 0.3125
2 0.40816145833333334 0.41164351851851855 0.04895833333333333 0.2507407407407407
1 0.24488020833333335 0.5265046296296296 0.16163020833333336 0.8354166666666666
1 0.740015625 0.5486111111111112 0.16579687499999995 0.9027777777777778
0 0.8153281250000001 0.19828703703703704 0.020791666666666705 0.13831018518518517
0 0.6681458333333333 0.20888888888888887 0.020578125000000114 0.14023148148148148
0 0.3148385416666667 0.20678240740740741 0.01963541666666669 0.13277777777777777
0 0.174390625 0.215 0.01985416666666667 0.12988425925925928