2 0.9261302083333334 0.6010185185185185 0.06579687499999996 0.2668518518518518
2 0.6760416666666667 0.6913657407407408 0.10902604166666663 0.6172685185185185
2 0.8184010416666666 0.5933101851851852 0.06735937499999996 0.18972222222222224
2 0.43194270833333337 0.8340972222222222 0.05139062500000004 0.3317824074074075
2 0.27196354166666664 0.8514583333333333 0.09079687499999999 0.2970601851851853
2 0.15086979166666667 0.5246527777777777 0.05520833333333333 0.25300925925925927
1 0.265625 0.6257638888888889 0.1631927083333333 0.7484490740740741
1 0.7850677083333333 0.6006944444444444 0.16041666666666668 0.7986111111111112
0 0.8450416666666667 0.4828009259259259 0.018661458333333294 0.09122685185185178
0 0.8492447916666667 0.525 0.028390625000000114 0.0897222222222222
0 0.8499427083333334 0.2444212962962963 0.010463541666666742 0.04694444444444445
0 0.8568072916666666 0.30541666666666667 0.017526041666666714 0.13337962962962965
0 0.8440416666666667 0.3304398148148148 0.020661458333333372 0.13305555555555557
0 0.8313489583333333 0.2672222222222222 0.01459374999999999 0.1103009259259259
0 0.7954583333333333 0.253912037037037 0.01013020833333324 0.10141203703703704
0 0.8019583333333333 0.3396064814814815 0.013130208333333353 0.15733796296296293
0 0.7684375 0.5931018518518519 0.0140625 0.09560185185185181
0 0.7710364583333333 0.25375000000000003 0.009932291666666752 0.10409722222222226
0 0.7678697916666667 0.3400694444444444 0.013593749999999953 0.16118055555555555
0 0.7414114583333333 0.46074074074074073 0.020661458333333372 0.08562500000000002
0 0.7364791666666667 0.2712268518518519 0.01613020833333323 0.12125000000000002
0 0.7166875 0.24694444444444447 0.012531249999999971 0.04900462962962967
0 0.7232187499999999 0.32761574074074074 0.022927083333333324 0.14817129629629627
0 0.711625 0.31312500000000004 0.01839583333333342 0.13692129629629626
0 0.7240208333333332 0.48310185185185184 0.019192708333333287 0.08590277777777781
0 0.7200208333333333 0.508425925925926 0.027192708333333353 0.0684027777777778
0 0.7306145833333333 0.5658564814814815 0.031057291666666723 0.1003703703703704
0 0.3306510416666667 0.34437500000000004 0.016859374999999944 0.11351851851851853
0 0.31319270833333335 0.33460648148148153 0.01659374999999995 0.11175925925925922
0 0.27883854166666666 0.3165277777777778 0.008531250000000056 0.10525462962962966
0 0.2528489583333334 0.31416666666666665 0.009864583333333362 0.11236111111111112
0 0.247015625 0.4018055555555556 0.01619270833333335 0.15731481481481477
0 0.21902604166666664 0.32793981481481477 0.01619270833333335 0.11324074074074078
0 0.19853125 0.30439814814814814 0.011864583333333319 0.039513888888888876
0 0.20603125 0.3929166666666667 0.020859374999999975 0.13956018518518523
0 0.19386458333333334 0.36789351851851854 0.018526041666666694 0.13986111111111116