2 0.9761302083333334 0.8352083333333333 0.04773958333333326 0.32493055555555556
2 0.8456614583333334 0.3302546296296296 0.042015625000000036 0.23460648148148144
2 0.3854166666666667 0.43324074074074076 0.041666666666666664 0.20136574074074076
2 0.360765625 0.5269675925925926 0.0618072916666667 0.14962962962962967
2 0.11545312499999999 0.8148148148148148 0.13715104166666667 0.37037037037037035
2 0.759375 0.35685185185185186 0.05347395833333337 0.34180555555555564
1 0.7592864583333333 0.5025925925925926 0.16614583333333333 0.8647222222222221
1 0.251734375 0.5280324074074074 0.16319270833333335 0.8384953703703704
0 0.8285729166666667 0.12828703703703703 0.012734374999999905 0.04969907407407407
0 0.8335052083333333 0.18993055555555555 0.01838541666666676 0.13921296296296298
0 0.8200104166666667 0.21016203703703706 0.021755208333333324 0.14969907407407404
0 0.80740625 0.14645833333333336 0.01593749999999995 0.11226851851851853
0 0.7741354166666666 0.12733796296296296 0.010963541666666762 0.11152777777777777
0 0.7777239583333333 0.22064814814814812 0.013916666666666562 0.1556944444444444
0 0.7698385416666667 0.44546296296296295 0.007421875 0.095625
0 0.746859375 0.12733796296296296 0.009531250000000095 0.11152777777777777
0 0.7110572916666666 0.1353935185185185 0.016359374999999923 0.11638888888888888
0 0.6909479166666667 0.11648148148148148 0.010708333333333304 0.05233796296296296
0 0.686015625 0.17831018518518518 0.018552083333333278 0.13847222222222222
0 0.6975677083333333 0.1975925925925926 0.023104166666666735 0.15083333333333332
0 0.296796875 0.19439814814814815 0.01846875000000002 0.10696759259259261
0 0.31783333333333336 0.17868055555555554 0.01079166666666668 0.045532407407407445
0 0.322390625 0.24386574074074072 0.019901041666666685 0.13092592592592592
0 0.31007812500000004 0.2517361111111111 0.02226041666666667 0.1391666666666667
0 0.265890625 0.170625 0.011468749999999991 0.10060185185185187
0 0.24155729166666667 0.15993055555555558 0.010880208333333327 0.0979861111111111
0 0.23283333333333334 0.24349537037037036 0.01416666666666669 0.14965277777777775
0 0.20883854166666668 0.16761574074074073 0.012901041666666658 0.10960648148148147
0 0.19167708333333333 0.17324074074074075 0.01484375 0.11335648148148147