2 0.5981770833333333 0.4540740740740741 0.05920312500000004 0.22759259259259257
2 0.661109375 0.5 0.10694270833333329 1
2 0.13541666666666666 0.5608796296296297 0.07639062499999998 0.4026388888888888
1 0.2444427083333333 0.5160879629629629 0.16249999999999998 0.8068750000000001
1 0.7394947916666667 0.5345833333333333 0.16822916666666668 0.8747453703703704
0 0.8067708333333333 0.1749074074074074 0.016781249999999897 0.11905092592592594
0 0.8134374999999999 0.20208333333333334 0.019135416666666554 0.1315740740740741
0 0.6919166666666666 0.7512500000000001 0.023921874999999915 0.10060185185185194
0 0.7882239583333334 0.16479166666666667 0.01576562499999999 0.11974537037037035
0 0.6935208333333333 0.17418981481481483 0.01693749999999999 0.11766203703703702
0 0.6763854166666667 0.18361111111111109 0.014822916666666686 0.11555555555555558
0 0.6693697916666667 0.20974537037037036 0.0188229166666666 0.13296296296296295
0 0.30790104166666665 0.1815277777777778 0.01505729166666671 0.11136574074074072
0 0.31452604166666664 0.20574074074074072 0.01811458333333332 0.13541666666666666
0 0.29170833333333335 0.1726388888888889 0.014822916666666686 0.1040740740740741
0 0.199515625 0.17525462962962962 0.014744791666666639 0.11277777777777777
0 0.182734375 0.19076388888888887 0.015687500000000004 0.11240740740740741
0 0.17418229166666668 0.21532407407407406 0.018979166666666637 0.1301851851851852
0 0.239671875 0.7518518518518519 0.03316145833333331 0.05155092592592588