2 0.6234375 0.35340277777777773 0.04895833333333333 0.18831018518518514
2 0.127953125 0.3213888888888889 0.04409895833333334 0.24000000000000002
1 0.24713541666666666 0.5303472222222223 0.14878645833333337 0.8585416666666666
1 0.7579843749999999 0.5145370370370371 0.1618072916666667 0.8654861111111111
0 0.8279166666666666 0.12490740740740741 0.013020833333333334 0.04298611111111113
0 0.8333177083333333 0.19 0.0182864583333334 0.13925925925925925
0 0.82078125 0.20953703703703702 0.02230208333333342 0.14449074074074073
0 0.8072760416666667 0.14645833333333336 0.016067708333333285 0.11067129629629632
0 0.7727864583333334 0.13291666666666668 0.00872916666666678 0.10513888888888888
0 0.7775625 0.21814814814814815 0.01413020833333339 0.15863425925925925
0 0.7474739583333334 0.12599537037037034 0.010041666666666772 0.1066898148148148
0 0.7404427083333334 0.2132175925925926 0.014682291666666696 0.1611111111111111
0 0.7488906249999999 0.31555555555555553 0.0066510416666666575 0.10412037037037038
0 0.768109375 0.44773148148148145 0.0042239583333334 0.10067129629629631
0 0.7116302083333333 0.13814814814814813 0.015234375 0.10944444444444443
0 0.6910260416666667 0.1162962962962963 0.012119791666666657 0.04729166666666665
0 0.6847916666666667 0.17953703703703705 0.019046875000000085 0.13988425925925926
0 0.6977083333333333 0.19875 0.02202604166666665 0.15064814814814817
0 0.265953125 0.16891203703703703 0.011083333333333318 0.09708333333333333
0 0.2695520833333333 0.2507407407407407 0.01551562499999998 0.1499768518518519
0 0.2969114583333334 0.19460648148148146 0.016208333333333276 0.1023148148148148
0 0.3165104166666667 0.18259259259259258 0.012468750000000028 0.04754629629629628
0 0.3095833333333333 0.2532175925925926 0.02077604166666672 0.14259259259259258
0 0.3224322916666667 0.24275462962962965 0.019463541666666608 0.13398148148148148
0 0.241640625 0.16060185185185183 0.008864583333333323 0.09893518518518521
0 0.23291666666666666 0.24259259259259258 0.013572916666666638 0.14905092592592595
0 0.20811979166666666 0.16474537037037038 0.014406249999999983 0.11032407407407406
0 0.19042708333333333 0.1410648148148148 0.01101041666666666 0.04449074074074074
0 0.18360416666666665 0.20335648148148147 0.017453124999999996 0.12907407407407406
0 0.19440625 0.21905092592592593 0.01967187499999999 0.14199074074074075