1 0.7600677083333333 0.5037268518518518 0.16597395833333337 0.8747685185185184
1 0.252171875 0.5253472222222222 0.162328125 0.8562268518518518
0 0.8271927083333334 0.12291666666666667 0.012953124999999944 0.051319444444444445
0 0.8328333333333333 0.1892361111111111 0.01939062500000001 0.13775462962962962
0 0.820921875 0.20722222222222222 0.023270833333333248 0.14604166666666668
0 0.8076614583333334 0.14569444444444443 0.016463541666666734 0.11527777777777778
0 0.7736614583333333 0.1302314814814815 0.010036458333333324 0.10814814814814816
0 0.7774427083333334 0.21837962962962965 0.014255208333333276 0.1625231481481481
0 0.7693802083333333 0.3189120370370371 0.0041510416666665625 0.08990740740740738
0 0.768375 0.4473611111111111 0.0034791666666665814 0.09696759259259256
0 0.8021718750000001 0.33868055555555554 0.021552083333333392 0.07888888888888886
0 0.8199427083333333 0.36321759259259256 0.02027604166666658 0.0892824074074074
0 0.8236249999999999 0.3965277777777778 0.0289791666666666 0.060717592592592635
0 0.811875 0.4469212962962963 0.03158854166666671 0.09310185185185192
0 0.747796875 0.12636574074074075 0.0098385416666666 0.10636574074074073
0 0.7396302083333333 0.21391203703703704 0.014921875000000048 0.1595601851851852
0 0.749203125 0.3142824074074074 0.0059583333333333615 0.10150462962962965
0 0.7401666666666666 0.46611111111111114 0.015994791666666685 0.092800925925926
0 0.711921875 0.134537037037037 0.015729166666666572 0.11379629629629627
0 0.6907395833333333 0.11432870370370371 0.011510416666666618 0.04958333333333334
0 0.6860572916666666 0.1807638888888889 0.018203124999999907 0.13787037037037037
0 0.6982395833333332 0.19800925925925927 0.021151041666666735 0.14856481481481484
0 0.69321875 0.3870138888888889 0.028510416666666552 0.06548611111111116
0 0.704796875 0.43770833333333337 0.03158854166666671 0.10442129629629633
0 0.296984375 0.19564814814814813 0.017067708333333324 0.10812500000000001
0 0.3172291666666667 0.1800462962962963 0.011374999999999958 0.04418981481481482
0 0.3221458333333333 0.24203703703703705 0.01920833333333339 0.12949074074074074
0 0.30980208333333337 0.25333333333333335 0.02195312500000005 0.14020833333333332
0 0.3106041666666667 0.4342824074074074 0.028911458333333327 0.05891203703703701
0 0.2992239583333333 0.4751620370370371 0.03024999999999996 0.09606481481481481
0 0.26586458333333335 0.17229166666666668 0.009703124999999998 0.10009259259259261
0 0.26967708333333335 0.25155092592592593 0.015994791666666685 0.14851851851851852
0 0.26030729166666666 0.34641203703703705 0.005286458333333322 0.08245370370370371
0 0.24186979166666667 0.16099537037037037 0.010572916666666644 0.10129629629629627
0 0.23256770833333332 0.2436574074074074 0.012046874999999997 0.1476388888888889
0 0.23929166666666665 0.3407638888888889 0.008765625000000022 0.0890046296296296
0 0.20847395833333332 0.16784722222222223 0.014723958333333323 0.10902777777777777
0 0.18913020833333333 0.14078703703703704 0.012182291666666659 0.04895833333333331
0 0.18327604166666667 0.19951388888888888 0.015859375000000023 0.13368055555555555
0 0.19455208333333335 0.22002314814814813 0.01900520833333334 0.14497685185185183
0 0.20920833333333333 0.35414351851851855 0.0202135416666667 0.08601851851851844
0 0.19197916666666667 0.370787037037037 0.017197916666666656 0.09553240740740737
0 0.18675520833333334 0.3931018518518518 0.02550000000000002 0.06280092592592591
0 0.1979010416666667 0.4485648148148148 0.028375000000000008 0.09935185185185189
0 0.19133854166666667 0.5071296296296297 0.01793750000000003 0.1034722222222222