2 0.8522552083333333 0.3028703703703704 0.04826562500000004 0.23384259259259255
2 0.9019947916666666 0.3734490740740741 0.04878645833333337 0.25925925925925924
2 0.7369791666666666 0.5057870370370371 0.09791666666666667 0.9884259259259259
2 0.17395833333333333 0.34685185185185186 0.04930729166666665 0.18291666666666662
2 0.11041666666666666 0.3954861111111111 0.03610937499999999 0.10562499999999998
2 0.11328125 0.4802083333333333 0.09288020833333335 0.8662962962962963
1 0.2513020833333333 0.5376851851851852 0.1640625 0.8809027777777778
1 0.7609375 0.5249537037037038 0.16423437499999996 0.8631712962962963
0 0.8284114583333333 0.12523148148148147 0.012255208333333437 0.045949074074074094
0 0.832703125 0.1887037037037037 0.018874999999999885 0.13793981481481482
0 0.8203802083333334 0.20747685185185183 0.023072916666666762 0.14928240740740742
0 0.8069427083333333 0.1479398148148148 0.015864583333333352 0.11465277777777778
0 0.773453125 0.12900462962962964 0.010489583333333267 0.10592592592592594
0 0.7774479166666667 0.21796296296296294 0.014552083333333361 0.15861111111111106
0 0.7692864583333333 0.44615740740740745 0.006750000000000019 0.09354166666666659
0 0.7464114583333333 0.13891203703703703 0.010161458333333448 0.0791435185185185
0 0.7119010416666666 0.14881944444444445 0.015208333333333239 0.08729166666666668
0 0.6910260416666667 0.11502314814814814 0.010817708333333323 0.043032407407407415
0 0.6852239583333334 0.17967592592592593 0.01822395833333322 0.13736111111111113
0 0.69784375 0.19773148148148148 0.021828124999999924 0.15016203703703704
0 0.3172447916666667 0.18099537037037036 0.011796875000000047 0.04388888888888891
0 0.3096770833333334 0.2548148148148148 0.022218750000000044 0.13615740740740742
0 0.32235937499999995 0.24025462962962962 0.019401041666666667 0.1303472222222222
0 0.297453125 0.19657407407407407 0.016781250000000015 0.10125000000000002
0 0.26563020833333334 0.17268518518518516 0.010161458333333328 0.10009259259259261
0 0.24121354166666667 0.1632175925925926 0.009177083333333336 0.09571759259259258
0 0.23311458333333332 0.24300925925925926 0.013307291666666643 0.15043981481481478
0 0.208375 0.1680324074074074 0.012979166666666646 0.10243055555555555
0 0.1896614583333333 0.1419675925925926 0.011604166666666653 0.04738425925925926
0 0.19428125 0.2204398148148148 0.020187499999999994 0.137337962962963
0 0.8817031249999999 0.38995370370370375 0.008718749999999886 0.024814814814814876