2 0.9700520833333334 0.7348611111111111 0.059895833333333336 0.2644675925925926
2 0.6983489583333333 0.9054861111111111 0.1171875 0.1890277777777777
2 0.38081770833333334 0.5246527777777777 0.04808854166666663 0.25300925925925927
1 0.264671875 0.6334953703703704 0.15954687500000003 0.7330092592592592
1 0.7835052083333333 0.6006944444444444 0.16076562500000005 0.7986111111111112
0 0.7153541666666666 0.2503472222222222 0.012213541666666572 0.04668981481481485
0 0.7104791666666667 0.31282407407407403 0.019364583333333248 0.1341435185185185
0 0.7234114583333333 0.3268287037037037 0.023130208333333256 0.14770833333333333
0 0.7357552083333334 0.26851851851851855 0.016635416666666694 0.11194444444444447
0 0.7707812500000001 0.2559722222222222 0.010005208333333352 0.10703703703703703
0 0.7672083333333333 0.33837962962962964 0.014557291666666573 0.15923611111111116
0 0.7954739583333333 0.2555324074074074 0.010005208333333352 0.10328703703703701
0 0.8019999999999999 0.33939814814814817 0.014619791666666751 0.16414351851851847
0 0.8316979166666666 0.2678009259259259 0.015531250000000085 0.11337962962962964
0 0.8569739583333333 0.3041666666666667 0.01799999999999997 0.13993055555555553
0 0.8444322916666667 0.3274074074074074 0.02280729166666665 0.14886574074074074
0 0.767953125 0.5923148148148148 0.014098958333333418 0.09240740740740738
0 0.313359375 0.3341435185185185 0.01590624999999998 0.11317129629629627
0 0.33115104166666665 0.34694444444444444 0.01652083333333335 0.11437499999999996
0 0.2788125 0.3177083333333333 0.00986979166666669 0.10465277777777776
0 0.25276041666666665 0.31495370370370374 0.00986979166666669 0.10525462962962966
0 0.21906770833333333 0.32805555555555554 0.01583854166666665 0.11317129629629627
0 0.19860416666666666 0.30856481481481485 0.011244791666666682 0.049814814814814805
0 0.19297916666666665 0.3734490740740741 0.019192708333333346 0.13689814814814813
0 0.20545833333333335 0.3889814814814815 0.022213541666666656 0.149675925925926