2 0.970921875 0.7363888888888889 0.05815624999999992 0.2675462962962964
2 0.8830729166666667 0.6465046296296296 0.05607812500000004 0.43497685185185175
2 0.6972239583333334 0.6515277777777777 0.0680572916666667 0.4064351851851853
2 0.24791666666666667 0.5558796296296296 0.05139062500000001 0.27689814814814817
2 0.041666666666666664 0.8476157407407408 0.08333333333333333 0.30476851851851844
1 0.264671875 0.6238425925925926 0.15954687500000003 0.7523148148148148
1 0.7848958333333333 0.5929861111111111 0.16354166666666667 0.8140277777777777
0 0.8499635416666667 0.2500925925925926 0.010916666666666686 0.05217592592592591
0 0.856609375 0.30775462962962963 0.017989583333333316 0.13986111111111116
0 0.8443333333333333 0.3288657407407407 0.021718749999999905 0.1418518518518518
0 0.8310989583333334 0.26541666666666663 0.015609374999999896 0.10796296296296293
0 0.8452395833333333 0.4812962962962963 0.01900520833333322 0.09226851851851856
0 0.8497395833333333 0.5124768518518518 0.028562500000000077 0.06409722222222222
0 0.8381979166666667 0.5680092592592593 0.030375000000000086 0.09976851851851858
0 0.8236041666666666 0.455162037037037 0.0125 0.08020833333333328
0 0.7954895833333333 0.25384259259259256 0.009447916666666601 0.10495370370370367
0 0.801828125 0.340162037037037 0.013067708333333409 0.15944444444444444
0 0.80196875 0.5922685185185186 0.012781249999999982 0.09546296296296299
0 0.7936822916666666 0.4433564814814815 0.005260416666666619 0.10182870370370373
0 0.7712552083333333 0.25662037037037033 0.009614583333333352 0.10546296296296294
0 0.7672395833333333 0.339537037037037 0.01402604166666658 0.1607175925925926
0 0.77459375 0.44537037037037036 0.0038489583333332672 0.09581018518518515
0 0.7682552083333333 0.5934027777777778 0.013802083333333333 0.09523148148148144
0 0.736328125 0.2737037037037037 0.01611979166666657 0.1195138888888889
0 0.7158802083333333 0.2458101851851852 0.010859374999999952 0.048657407407407434
0 0.711265625 0.3124074074074074 0.019177083333333417 0.1365972222222222
0 0.7411354166666667 0.4637037037037037 0.022343750000000048 0.07719907407407413
0 0.7236822916666666 0.4862037037037037 0.019682291666666647 0.09451388888888886
0 0.7204010416666667 0.5225231481481482 0.028958333333333287 0.06409722222222222
0 0.730953125 0.5667592592592593 0.03139062499999999 0.09222222222222216
0 0.327140625 0.549050925925926 0.01906249999999995 0.09706018518518514
0 0.33067708333333334 0.3419675925925926 0.01651562500000002 0.11525462962962964
0 0.31322395833333333 0.33379629629629626 0.016119791666666692 0.11150462962962966
0 0.30521875 0.5220370370370371 0.013125000000000024 0.08074074074074072
0 0.27855208333333337 0.31583333333333335 0.010125000000000028 0.10321759259259264
0 0.27770312500000005 0.5078472222222222 0.009557291666666618 0.10511574074074066
0 0.25278645833333335 0.31444444444444447 0.010067708333333354 0.10798611111111109
0 0.24713020833333335 0.39875 0.01459374999999999 0.15844907407407405
0 0.21890625 0.3301388888888889 0.01640625 0.11678240740740738
0 0.19870833333333332 0.3041435185185185 0.011088541666666648 0.04215277777777776
0 0.20521354166666667 0.3919675925925926 0.022963541666666684 0.13986111111111116
0 0.19294270833333332 0.3717361111111111 0.019911458333333344 0.14212962962962958
0 0.723015625 0.3283796296296297 0.02286979166666659 0.14312499999999997
0 0.7254531249999999 0.6321527777777777 0.019140625 0.10377314814814818