2 0.903125 0.45291666666666663 0.04235937499999996 0.21756944444444445
2 0.668578125 0.36997685185185186 0.05590104166666663 0.29087962962962965
2 0.6472239583333333 0.6161342592592592 0.09305729166666671 0.7677314814814814
2 0.35104166666666664 0.424375 0.049307291666666704 0.17592592592592593
2 0.34227604166666664 0.7550231481481482 0.10295312500000003 0.4899537037037036
2 0.142015625 0.603287037037037 0.07569270833333336 0.6571759259259259
1 0.24956770833333333 0.5203240740740741 0.146703125 0.8230787037037037
1 0.7585052083333333 0.5199305555555556 0.1663177083333333 0.891712962962963
0 0.80215625 0.33793981481481483 0.02134375000000001 0.08240740740740746
0 0.8192239583333334 0.36712962962962964 0.020588541666666772 0.10428240740740743
0 0.8074270833333334 0.14706018518518518 0.01682812499999997 0.11412037037037039
0 0.8275729166666667 0.12761574074074075 0.012656250000000095 0.05090277777777777
0 0.8329427083333333 0.19020833333333334 0.019973958333333285 0.1396296296296296
0 0.8204895833333333 0.20784722222222224 0.02243749999999996 0.15057870370370366
0 0.7734270833333333 0.13034722222222223 0.010395833333333352 0.11108796296296299
0 0.7779062499999999 0.2187962962962963 0.014572916666666677 0.16027777777777774
0 0.7701770833333333 0.32319444444444445 0.005953124999999915 0.10460648148148148
0 0.769765625 0.44555555555555554 0.007864583333333286 0.09085648148148148
0 0.7475989583333333 0.12775462962962963 0.010057291666666638 0.10895833333333332
0 0.740484375 0.2146759259259259 0.014979166666666781 0.16120370370370374
0 0.7487656250000001 0.3165046296296296 0.0055416666666666 0.10340277777777782
0 0.7116875 0.13810185185185184 0.016213541666666723 0.11747685185185185
0 0.6911302083333334 0.11483796296296296 0.01135416666666676 0.04969907407407407
0 0.6858645833333333 0.17775462962962965 0.018609375000000008 0.13296296296296295
0 0.6981406250000001 0.19902777777777778 0.021958333333333257 0.15118055555555557
0 0.6742343749999999 0.35358796296296297 0.02955208333333322 0.11675925925925926
0 0.31700520833333334 0.1787037037037037 0.010807291666666666 0.04363425925925925
0 0.3216927083333333 0.24282407407407408 0.0194947916666667 0.12932870370370372
0 0.30985416666666665 0.25224537037037037 0.021822916666666713 0.1420833333333333
0 0.2967916666666667 0.19694444444444445 0.016213541666666723 0.10442129629629628
0 0.2658697916666667 0.17078703703703704 0.010468749999999982 0.10078703703703702
0 0.26953125 0.2505787037037037 0.01573437500000002 0.14787037037037035
0 0.259609375 0.3490740740740741 0.005473958333333329 0.08944444444444441
0 0.24151562499999998 0.16122685185185187 0.009645833333333324 0.10291666666666668
0 0.23265624999999998 0.24206018518518516 0.01313541666666668 0.15516203703703701
0 0.23911979166666666 0.3422222222222222 0.008963541666666686 0.09097222222222225
0 0.20836979166666666 0.16898148148148148 0.012447916666666654 0.10930555555555556
0 0.18945833333333334 0.13995370370370372 0.010874999999999998 0.04821759259259259
0 0.18309375 0.19935185185185186 0.01593750000000001 0.1336111111111111
0 0.19476041666666666 0.21925925925925926 0.01942708333333331 0.13997685185185185
0 0.20875000000000002 0.35087962962962965 0.021000000000000026 0.08092592592592587
0 0.19147395833333333 0.371412037037037 0.018333333333333358 0.10067129629629631