2 0.9315989583333334 0.7820138888888889 0.07847395833333337 0.4359490740740742
2 0.8405364583333333 0.3217824074074074 0.050869791666666705 0.23305555555555557
2 0.6693593750000001 0.5998611111111111 0.06961979166666671 0.19511574074074073
2 0.1328125 0.3630555555555556 0.032984375 0.10729166666666672
2 0.23819270833333334 0.4494444444444444 0.05277604166666669 0.15662037037037044
1 0.24583333333333332 0.520324074074074 0.15139062500000003 0.8847685185185186
1 0.759375 0.49872685185185184 0.16458333333333333 0.8724537037037037
0 0.8290572916666666 0.1295138888888889 0.01314583333333322 0.05298611111111113
0 0.8328020833333334 0.18932870370370372 0.01903645833333343 0.1371759259259259
0 0.8206562500000001 0.20773148148148146 0.02421875 0.1456712962962963
0 0.807671875 0.14756944444444445 0.01577083333333344 0.11030092592592594
0 0.7739739583333333 0.12810185185185186 0.010515625000000028 0.1067824074074074
0 0.7469322916666666 0.12703703703703703 0.009796874999999972 0.1117361111111111
0 0.69125 0.11712962962962964 0.011552083333333248 0.049444444444444444
0 0.6848333333333334 0.1787037037037037 0.01864062499999998 0.14425925925925925
0 0.6979375 0.19851851851851854 0.021744791666666666 0.15557870370370372
0 0.31708333333333333 0.18046296296296294 0.012026041666666624 0.045092592592592566
0 0.32198437500000004 0.24344907407407404 0.019437499999999965 0.1286111111111111
0 0.30995833333333334 0.25229166666666664 0.022463541666666722 0.139212962962963
0 0.26558333333333334 0.12097222222222222 0.01179166666666666 0.11025462962962965
0 0.24144791666666665 0.16328703703703706 0.009718749999999983 0.09925925925925926
0 0.232765625 0.24131944444444445 0.013062500000000022 0.152662037037037
0 0.20815104166666665 0.16645833333333332 0.014817708333333356 0.11270833333333333
0 0.19173958333333332 0.17335648148148147 0.013859375000000007 0.11590277777777776