2 0.3050572916666667 0.5862499999999999 0.04736979166666669 0.1937037037037038
2 0.34154687499999997 0.5983796296296297 0.03216666666666666 0.13958333333333328
2 0.3761510416666667 0.6444444444444444 0.037541666666666626 0.2653240740740741
2 0.3533489583333333 0.6981944444444445 0.05829166666666671 0.19365740740740733
1 0.25234375 0.6689814814814815 0.1546875 0.6620370370370371
0 0.193390625 0.4546990740740741 0.02141666666666667 0.14340277777777774
0 0.23911979166666666 0.3934953703703704 0.010000000000000024 0.09722222222222222
0 0.235703125 0.4700925925925926 0.01292708333333336 0.1485416666666667
0 0.26372395833333334 0.3970833333333333 0.009947916666666648 0.10219907407407403
0 0.2965 0.41203703703703703 0.01502083333333329 0.11041666666666664
0 0.3129166666666666 0.4230787037037037 0.016145833333333335 0.11085648148148144
0 0.32071875 0.4499537037037037 0.018093750000000006 0.12990740740740742
2 0.8633645833333333 0.5701851851851851 0.05866145833333339 0.2657407407407407
2 0.9459583333333333 0.7999074074074074 0.08328125000000004 0.4001851851851852
2 0.681203125 0.720462962962963 0.08596354166666677 0.5590740740740741
1 0.7474635416666667 0.642824074074074 0.17298437500000005 0.7143518518518519
0 0.6761250000000001 0.33590277777777783 0.010807291666666666 0.04636574074074068
0 0.6705989583333333 0.4026851851851852 0.01925520833333323 0.1437962962962963
0 0.6833177083333334 0.4181944444444444 0.02112499999999997 0.15319444444444447
0 0.6974947916666667 0.3609953703703703 0.01616666666666665 0.11458333333333333
0 0.7273125 0.4019675925925926 0.022182291666666742 0.17125000000000004
0 0.7666770833333333 0.428125 0.015598958333333239 0.16219907407407405
0 0.7956458333333334 0.360625 0.01746874999999998 0.12108796296296297
0 0.8173802083333332 0.3321296296296296 0.013000000000000018 0.042407407407407394
0 0.8238385416666667 0.3976388888888889 0.020229166666666742 0.14814814814814814
0 0.810796875 0.41837962962962966 0.024213541666666553 0.1499305555555555