2 0.12521354166666668 0.6660648148148148 0.06278125000000001 0.2828935185185185
2 0.33114062499999997 0.6013194444444444 0.05656770833333328 0.7972916666666668
1 0.24963541666666667 0.6733796296296296 0.155015625 0.6532175925925927
0 0.188890625 0.4119675925925926 0.014901041666666674 0.11199074074074072
0 0.2695 0.46499999999999997 0.015385416666666648 0.15060185185185185
0 0.29557812499999997 0.41182870370370367 0.015109374999999996 0.11474537037037036
0 0.31365625 0.40324074074074073 0.015385416666666648 0.10986111111111106
0 0.32055208333333335 0.44784722222222223 0.01814583333333329 0.12851851851851848
0 0.30106249999999996 0.9272685185185184 0.007453124999999972 0.06942129629629631
2 0.6399322916666667 0.7569444444444444 0.06843750000000005 0.4861111111111111
2 0.8973958333333333 0.5836111111111111 0.05767187500000001 0.2590509259259259
1 0.7525572916666667 0.6442592592592592 0.16467708333333325 0.7114814814814815