0 0.25833333333333336 0.25324074074074077 0.008937499999999984 0.09865740740740742
0 0.2659270833333333 0.33393518518518517 0.013999999999999997 0.15506944444444445
0 0.22429166666666667 0.6140046296296297 0.00944791666666666 0.030486111111111016
0 0.20593229166666666 0.6419907407407407 0.022770833333333348 0.056458333333333305
0 0.18585937500000002 0.6833333333333333 0.01973437499999999 0.06168981481481476
0 0.19032812500000001 0.7833796296296297 0.029239583333333326 0.12932870370370372
2 0.08099479166666666 0.6572916666666666 0.06977604166666668 0.4294444444444444
2 0.13489583333333333 0.8298611111111112 0.09166666666666666 0.3402777777777778
2 0.3447552083333333 0.42898148148148146 0.04290104166666673 0.2427083333333334
1 0.2453125 0.5972222222222222 0.15416666666666667 0.8055555555555556
1 0.7571770833333333 0.5771527777777777 0.1508541666666666 0.8139351851851852
2 0.62884375 0.42171296296296296 0.05217708333333325 0.2556481481481481
2 0.8854895833333334 0.4476851851851852 0.05493229166666656 0.22766203703703697
0 0.7987604166666666 0.6097222222222222 0.023166666666666676 0.05942129629629627
0 0.6952447916666666 0.24921296296296294 0.015744791666666678 0.10307870370370374
0 0.7110989583333333 0.23921296296296296 0.013718750000000076 0.1030787037037037
0 0.7689895833333333 0.2239814814814815 0.008604166666666658 0.09759259259259258
0 0.7747760416666666 0.29780092592592594 0.014562500000000018 0.14777777777777776
0 0.800671875 0.24083333333333334 0.016307291666666637 0.10384259259259256
0 0.8158802083333333 0.2518287037037037 0.016921874999999885 0.10583333333333333