2 0.16603125 0.6958333333333334 0.0609010416666667 0.4706944444444445
2 0.37394791666666666 0.6425462962962962 0.06436979166666662 0.290949074074074
1 0.25036458333333333 0.6744212962962963 0.15767187500000004 0.6511574074074074
0 0.189421875 0.41009259259259256 0.015854166666666693 0.11094907407407409
0 0.2695104166666667 0.4664583333333333 0.01576562499999999 0.1582638888888889
0 0.2958489583333333 0.4095138888888889 0.012994791666666691 0.10592592592592591
0 0.312265625 0.4204861111111111 0.015505208333333324 0.10863425925925928
0 0.3201927083333333 0.44837962962962963 0.01836458333333333 0.12979166666666664
0 0.3005260416666667 0.9268518518518518 0.008489583333333309 0.06254629629629625
2 0.638390625 0.846712962962963 0.06913020833333335 0.3065509259259261
2 0.8969427083333333 0.583287037037037 0.05865104166666673 0.25710648148148146
1 0.7523125 0.6465046296296296 0.1670260416666667 0.7069907407407406