2 0.10179166666666667 0.6147222222222223 0.07525000000000001 0.3595370370370371
2 0.3228802083333333 0.5922222222222223 0.05910416666666667 0.361087962962963
2 0.39036458333333335 0.6678240740740741 0.0984375 0.6643518518518519
1 0.24740625 0.5962268518518519 0.1543489583333333 0.8075462962962964
0 0.26565625 0.33351851851851855 0.01448958333333336 0.1502083333333333
0 0.20585416666666667 0.6397685185185185 0.022348958333333318 0.06819444444444453
0 0.18568749999999998 0.7567129629629629 0.01868229166666667 0.08868055555555543
2 0.645625 0.40175925925925926 0.052468749999999884 0.25567129629629626
2 0.7752604166666667 0.5162037037037037 0.0921875 0.9675925925925926
2 0.84659375 0.5473842592592593 0.07027604166666658 0.45768518518518514
1 0.7568489583333334 0.5721759259259259 0.15268749999999992 0.8176388888888889
0 0.8166041666666667 0.2536111111111111 0.016411458333333448 0.11456018518518521
0 0.8020260416666667 0.6104861111111112 0.01693749999999999 0.05231481481481487