2 0.3679479166666667 0.6474305555555555 0.05756249999999999 0.27432870370370366
2 0.22606770833333334 0.6289814814814816 0.06035416666666667 0.2796990740740741
1 0.25114062499999995 0.6720138888888889 0.15677604166666664 0.6559722222222222
0 0.26775000000000004 0.7130787037037037 0.01502604166666665 0.08726851851851862
0 0.301125 0.9271527777777777 0.007609374999999948 0.0646064814814814
0 0.186984375 0.3766203703703703 0.010713541666666692 0.03701388888888891
0 0.19268749999999998 0.454212962962963 0.02212500000000001 0.13865740740740737
0 0.20492708333333332 0.4021064814814815 0.014895833333333346 0.1077083333333334
0 0.2344375 0.46828703703703706 0.013692708333333314 0.15555555555555553
0 0.2618229166666666 0.39282407407407405 0.010145833333333314 0.09476851851851852
0 0.26999999999999996 0.46956018518518516 0.01508854166666668 0.1440046296296296
0 0.2959270833333333 0.41083333333333333 0.014963541666666675 0.10826388888888884
0 0.312984375 0.42210648148148144 0.01736979166666662 0.10826388888888884
0 0.3206197916666667 0.4511111111111111 0.01680208333333333 0.12682870370370375
0 0.7393802083333333 0.6833564814814814 0.0048177083333333336 0.10108796296296287
0 0.7616927083333334 0.6833564814814814 0.008874999999999982 0.10108796296296287
0 0.777953125 0.7498611111111111 0.017942708333333238 0.04245370370370378
0 0.8163385416666666 0.7864583333333334 0.026880208333333398 0.07060185185185185
0 0.82315625 0.8737731481481482 0.01832291666666658 0.08745370370370364
2 0.68159375 0.6485416666666667 0.05851562499999995 0.28784722222222225
2 0.8504479166666666 0.7966898148148148 0.07227083333333321 0.4066203703703703
1 0.75078125 0.6446759259259259 0.1671875 0.7106481481481481