2 0.3373385416666667 0.5787268518518518 0.040234375 0.2170138888888889
2 0.42484375 0.8516203703703703 0.06267708333333329 0.2967592592592594
1 0.2513020833333333 0.6701388888888888 0.1578125 0.6597222222222222
0 0.2970416666666667 0.41094907407407405 0.015609375000000014 0.1092361111111111
0 0.23898958333333334 0.3923611111111111 0.00966145833333331 0.09826388888888886
0 0.235515625 0.46891203703703704 0.013312499999999972 0.15449074074074076
0 0.31300520833333334 0.4266435185185185 0.01572916666666669 0.1092361111111111
0 0.3213125 0.4498148148148148 0.017026041666666696 0.1319907407407407
2 0.8369947916666667 0.6828703703703703 0.07581249999999998 0.39648148148148143
2 0.6211875 0.5959722222222221 0.04830208333333322 0.2646064814814815
2 0.661125 0.626712962962963 0.06456250000000002 0.33918981481481475
1 0.7478645833333334 0.6454398148148148 0.17383854166666665 0.7091203703703705
0 0.6763229166666667 0.3376851851851852 0.01013020833333324 0.049097222222222174
0 0.6701093749999999 0.40245370370370376 0.01832291666666658 0.13935185185185184
0 0.6838645833333333 0.4180092592592593 0.022854166666666724 0.15217592592592594
0 0.6975572916666667 0.3599074074074074 0.016671875000000114 0.11974537037037042
0 0.7675416666666667 0.4274305555555556 0.015255208333333315 0.17101851851851851
0 0.7954635416666667 0.36018518518518516 0.01690625000000002 0.11504629629629627
0 0.8244739583333334 0.3999537037037037 0.02014583333333325 0.14224537037037036