2 0.060078124999999996 0.7076388888888888 0.07175520833333335 0.41756944444444444
2 0.318484375 0.5329166666666667 0.06179687500000005 0.4858796296296297
2 0.4452916666666667 0.7566666666666667 0.09111458333333336 0.4866666666666667
1 0.2465416666666667 0.5974074074074074 0.15430729166666665 0.8051851851851852
0 0.26590104166666667 0.33363425925925927 0.014333333333333325 0.1535185185185185
0 0.20563541666666665 0.642962962962963 0.023171875000000005 0.060717592592592635
0 0.18502083333333333 0.7589583333333333 0.018239583333333323 0.09002314814814812
2 0.6423697916666666 0.40518518518518515 0.0515625 0.2511111111111112
2 0.8460052083333333 0.5494675925925926 0.06421875000000009 0.46111111111111114
2 0.87425 0.777337962962963 0.08813541666666656 0.44530092592592596
1 0.7556822916666667 0.5775462962962963 0.15254166666666671 0.8150694444444445
0 0.7988177083333333 0.6049305555555555 0.023828125 0.05912037037037035
0 0.7749427083333333 0.2984953703703703 0.01423958333333341 0.14944444444444446
0 0.8165937499999999 0.25136574074074075 0.016567708333333306 0.10481481481481485