2 0.15372916666666667 0.6106018518518518 0.05702083333333334 0.16856481481481472
2 0.156671875 0.7832870370370371 0.07205729166666668 0.34831018518518525
2 0.3442395833333334 0.6941203703703704 0.05943749999999994 0.611736111111111
2 0.4167552083333333 0.6694212962962963 0.05145833333333331 0.2484490740740741
1 0.25104166666666666 0.6712962962962963 0.15729166666666666 0.6574074074074074
0 0.18825520833333334 0.3786111111111111 0.011640625000000012 0.04462962962962957
0 0.19368229166666667 0.4557407407407407 0.021187499999999974 0.1320370370370371
0 0.182109375 0.4384490740740741 0.017656249999999988 0.12942129629629637
0 0.20604166666666668 0.40532407407407406 0.015822916666666666 0.10969907407407405
0 0.23909375 0.3940046296296296 0.009348958333333357 0.10446759259259258
0 0.23540104166666667 0.46981481481481485 0.013078125000000006 0.14569444444444443
0 0.24219791666666665 0.5786342592592593 0.003140624999999986 0.0930324074074074
0 0.2637760416666667 0.3961805555555556 0.009677083333333355 0.10011574074074074
0 0.26927083333333335 0.7153240740740741 0.015432291666666693 0.09615740740740732
0 0.29663541666666665 0.4085185185185185 0.014583333333333334 0.11027777777777775
0 0.3161197916666667 0.3905324074074074 0.011703125000000014 0.039398148148148106
0 0.3217760416666666 0.4480324074074074 0.017130208333333386 0.1311805555555556
0 0.3105 0.46837962962962965 0.018765624999999987 0.13696759259259264
2 0.8121302083333333 0.6089583333333333 0.06015625 0.4065046296296297
2 0.6789322916666667 0.6245138888888889 0.04551041666666673 0.33590277777777783
1 0.748046875 0.6447222222222222 0.17458854166666668 0.7105555555555556
0 0.7280052083333334 0.6973148148148148 0.01484375 0.09499999999999992
0 0.7656354166666667 0.6984722222222223 0.014906249999999944 0.09733796296296286
0 0.806734375 0.8042361111111112 0.017984375000000104 0.07634259259259263
0 0.81628125 0.3305324074074074 0.010921874999999895 0.03854166666666661
0 0.8242552083333333 0.3998148148148148 0.01902604166666677 0.1393287037037037
0 0.8108854166666667 0.41375 0.024322916666666573 0.1556018518518519
0 0.7961406249999999 0.36421296296296296 0.01771874999999999 0.11756944444444449
0 0.7605364583333334 0.3447453703703704 0.009937499999999962 0.10768518518518518
0 0.767109375 0.4274074074074074 0.014583333333333334 0.165462962962963
0 0.7343489583333334 0.35171296296296295 0.010526041666666685 0.12164351851851854
0 0.7275781250000001 0.42537037037037034 0.014645833333333276 0.1671990740740741
0 0.69678125 0.36217592592592596 0.017130208333333268 0.11930555555555561
0 0.6768072916666666 0.3382175925925926 0.010526041666666685 0.051041666666666693
0 0.6832135416666667 0.417962962962963 0.023343750000000087 0.1494907407407407
0 0.66984375 0.3992361111111111 0.018177083333333382 0.1381712962962963