2 0.16707812500000002 0.6930555555555555 0.07674479166666667 0.5069907407407407
2 0.34765625 0.7754629629629629 0.0640625 0.44907407407407407
2 0.3729635416666667 0.5958796296296297 0.03346875 0.2312037037037037
1 0.25104166666666666 0.6747685185185185 0.15520833333333334 0.6504629629629629
0 0.18632291666666667 0.3744212962962963 0.010838541666666639 0.03974537037037041
0 0.19313541666666667 0.4555092592592593 0.022072916666666664 0.13814814814814816
0 0.205765625 0.4022222222222222 0.014661458333333321 0.10594907407407403
0 0.24071354166666667 0.5698842592592592 0.004062499999999977 0.07648148148148147
0 0.23509375 0.4657638888888889 0.01275000000000001 0.15159722222222224
0 0.26255208333333335 0.3910648148148148 0.009484375000000019 0.09428240740740745
0 0.269921875 0.4675462962962963 0.013864583333333307 0.1480555555555555
0 0.2613125 0.5750000000000001 0.009406249999999972 0.09736111111111112
0 0.23453645833333334 0.7124074074074074 0.013229166666666655 0.08879629629629633
0 0.26697395833333337 0.7081481481481482 0.015937499999999983 0.09446759259259273
0 0.2953854166666667 0.4078703703703703 0.014583333333333334 0.10312500000000002
0 0.31227604166666667 0.42081018518518515 0.016494791666666706 0.11125
0 0.320046875 0.4471759259259259 0.016895833333333363 0.1321296296296296
0 0.30108333333333337 0.9253935185185185 0.007651041666666695 0.06495370370370358
0 0.7778854166666667 0.7471064814814815 0.019286458333333437 0.0413194444444445
0 0.7620260416666667 0.5413657407407407 0.008286458333333257 0.10446759259259258
0 0.7621458333333333 0.6828240740740741 0.009322916666666714 0.10756944444444451
0 0.739875 0.6792824074074074 0.005416666666666714 0.10048611111111104
0 0.8201250000000001 0.8211111111111111 0.02088020833333341 0.05474537037037032
0 0.8227552083333334 0.876712962962963 0.018171874999999935 0.08798611111111108
2 0.5985364583333334 0.5972916666666666 0.05347395833333337 0.24465277777777783
1 0.7507083333333333 0.6418518518518518 0.16735416666666675 0.7162962962962964