2 0.8372187500000001 0.43861111111111106 0.06967187499999987 0.7367361111111111
2 0.61590625 0.44236111111111115 0.05350000000000001 0.2131944444444444
2 0.371234375 0.5138194444444444 0.060484374999999965 0.29895833333333327
2 0.15440625 0.4754861111111111 0.051468749999999994 0.1404861111111111
1 0.245953125 0.5840277777777777 0.15367187499999996 0.8314583333333334
1 0.7479843749999999 0.5558333333333334 0.15404687500000006 0.8159027777777776
0 0.19270312500000003 0.7019444444444445 0.021390625000000017 0.09861111111111104
0 0.18434375 0.2247222222222222 0.011234374999999996 0.07701388888888891
0 0.202875 0.22874999999999998 0.015500000000000003 0.106875
0 0.19184375 0.28847222222222224 0.020500000000000008 0.13895833333333338
0 0.230828125 0.2977777777777778 0.014015625000000042 0.1465972222222222
0 0.25989062500000004 0.22180555555555556 0.009015624999999972 0.1003472222222222
0 0.29289062499999996 0.2378472222222222 0.015171874999999968 0.11784722222222221
0 0.30896875 0.2498611111111111 0.014515625000000032 0.10541666666666664
0 0.68675 0.2336111111111111 0.01582812499999999 0.10576388888888892
0 0.7356874999999999 0.20791666666666667 0.01040624999999995 0.1017361111111111
0 0.7597968749999999 0.20756944444444445 0.009421874999999958 0.10833333333333332
0 0.793984375 0.22395833333333334 0.013859374999999919 0.10465277777777776