1 0.25070833333333337 0.6680787037037037 0.1566614583333333 0.6638425925925925
2 0.258 0.6383333333333333 0.03924999999999998 0.2531018518518519
2 0.375671875 0.8340509259259259 0.082671875 0.33189814814814816
0 0.3013958333333333 0.9253472222222222 0.007864583333333286 0.0644212962962964
0 0.26828125 0.7112499999999999 0.016786458333333344 0.08576388888888878
0 0.26171354166666666 0.39416666666666667 0.011380208333333315 0.10092592592592597
0 0.26943750000000005 0.465625 0.012781249999999982 0.15018518518518517
0 0.23347395833333331 0.46407407407407403 0.013906250000000024 0.15331018518518522
0 0.205625 0.39729166666666665 0.015098958333333337 0.10715277777777782
0 0.186765625 0.3766898148148148 0.011802083333333317 0.04101851851851845
0 0.19224479166666666 0.45314814814814813 0.022755208333333363 0.13770833333333335
0 0.2954947916666667 0.4077314814814815 0.01573437500000002 0.10622685185185182
0 0.312953125 0.4216203703703703 0.016223958333333382 0.10590277777777778
0 0.32053645833333333 0.45034722222222223 0.017348958333333307 0.12585648148148149
2 0.5975625 0.5963657407407408 0.05021875000000004 0.2680787037037036
2 0.8742708333333333 0.7202777777777778 0.06419791666666678 0.3348148148148148
1 0.75234375 0.6423611111111112 0.1640625 0.7152777777777778
0 0.820640625 0.824375 0.020859375000000093 0.05916666666666654
0 0.8224687500000001 0.8771296296296297 0.018895833333333438 0.08349537037037048
0 0.7612552083333333 0.6814351851851852 0.010958333333333315 0.09796296296296308
0 0.7771979166666667 0.7476157407407408 0.01896354166666659 0.042986111111111225
0 0.7390572916666667 0.6815972222222222 0.005901041666666629 0.1076388888888889