1 0.25099479166666666 0.6695833333333333 0.15705208333333337 0.6608333333333334
2 0.165828125 0.6513425925925925 0.06506770833333335 0.5827083333333334
2 0.39301562500000004 0.6360648148148148 0.05016666666666663 0.23796296296296293
0 0.18899479166666666 0.41203703703703703 0.016010416666666673 0.10789351851851856
0 0.26973437499999997 0.4661574074074074 0.013968749999999997 0.14798611111111112
0 0.29566666666666663 0.4071296296296296 0.013880208333333382 0.10562499999999998
0 0.3130833333333333 0.4222685185185185 0.017203124999999986 0.10562499999999998
0 0.32041145833333334 0.44988425925925923 0.01822395833333334 0.12300925925925922
0 0.3009479166666667 0.9234953703703703 0.007411458333333343 0.07469907407407403
2 0.6412447916666667 0.8437037037037037 0.06966666666666678 0.31259259259259253
2 0.8975208333333333 0.5832638888888889 0.05927604166666664 0.26486111111111116
1 0.7517135416666666 0.645925925925926 0.1662499999999999 0.7081481481481481