2 0.9452239583333333 0.5975462962962963 0.0553802083333333 0.2984722222222223
2 0.908421875 0.8611111111111112 0.0859375 0.2777777777777778
2 0.37473958333333335 0.43483796296296295 0.043921874999999964 0.16581018518518517
2 0.40998437499999996 0.5733101851851851 0.06024479166666671 0.1897916666666666
1 0.24730729166666662 0.5214814814814815 0.15260416666666662 0.8331018518518518
1 0.7594635416666667 0.5106712962962964 0.16996354166666663 0.8732175925925927
0 0.802046875 0.34393518518518523 0.022260416666666553 0.0891435185185185
0 0.8201093749999999 0.36368055555555556 0.0202395833333334 0.09270833333333336
0 0.8234114583333334 0.39537037037037037 0.02907812499999996 0.056412037037037045
0 0.8120104166666666 0.4469212962962963 0.0314114583333333 0.09365740740740736
0 0.8074322916666666 0.14622685185185186 0.016875000000000046 0.11456018518518521
0 0.82684375 0.1262962962962963 0.012161458333333286 0.05076388888888891
0 0.833125 0.18979166666666666 0.019338541666666723 0.13587962962962966
0 0.8204479166666666 0.20745370370370372 0.02315625000000002 0.1452314814814815
0 0.7736875 0.12939814814814815 0.010411458333333219 0.10680555555555556
0 0.7777499999999999 0.21891203703703702 0.014494791666666628 0.16217592592592592
0 0.769265625 0.31960648148148146 0.0038125000000000854 0.09631944444444447
0 0.7696510416666666 0.44263888888888886 0.005921874999999943 0.09108796296296301
0 0.7490989583333333 0.31342592592592594 0.004307291666666657 0.10391203703703701
0 0.7479739583333332 0.12840277777777778 0.010140624999999896 0.1087962962962963
0 0.740390625 0.21391203703703704 0.013822916666666648 0.15620370370370373
0 0.711625 0.13736111111111113 0.01597395833333337 0.11476851851851849
0 0.6911197916666667 0.11344907407407406 0.011755208333333418 0.043009259259259254
0 0.68553125 0.1796296296296296 0.018984374999999904 0.1354861111111111
0 0.6983437499999999 0.196875 0.021718749999999905 0.15203703703703705
0 0.6932291666666667 0.3886111111111111 0.02943749999999999 0.06678240740740746
0 0.7045781249999999 0.43944444444444447 0.03150000000000001 0.1006481481481482
0 0.29659895833333333 0.19668981481481482 0.016557291666666647 0.10578703703703703
0 0.3173541666666667 0.17865740740740743 0.010947916666666658 0.047777777777777745
0 0.3217083333333333 0.2424537037037037 0.01875520833333333 0.12750000000000003
0 0.309859375 0.253912037037037 0.021989583333333347 0.13645833333333332
0 0.3104427083333333 0.43416666666666665 0.027640624999999967 0.05819444444444441
0 0.2992239583333333 0.4754398148148148 0.030333333333333337 0.08888888888888884
0 0.26547916666666665 0.17127314814814815 0.009515624999999991 0.10081018518518516
0 0.2695208333333333 0.251412037037037 0.01579687499999999 0.14942129629629625
0 0.25940104166666667 0.350625 0.00408333333333335 0.09453703703703698
0 0.2415625 0.16030092592592593 0.009244791666666667 0.09881944444444445
0 0.23267708333333334 0.24215277777777777 0.013015625000000005 0.14881944444444442
0 0.20759375 0.16858796296296297 0.013999999999999997 0.10939814814814813
0 0.18984375 0.14076388888888888 0.010364583333333321 0.04379629629629632
0 0.18284375 0.20097222222222222 0.016109374999999974 0.12432870370370372
0 0.19442187500000002 0.22050925925925927 0.01952083333333334 0.1394675925925926
0 0.20929687500000002 0.35888888888888887 0.021000000000000026 0.0891435185185185
0 0.1920416666666667 0.3683796296296296 0.017458333333333322 0.0941203703703703
0 0.18652083333333333 0.39488425925925924 0.025265624999999996 0.06340277777777775
0 0.19789583333333333 0.4459259259259259 0.028718749999999994 0.1016666666666667
0 0.19121354166666665 0.5047453703703704 0.01804166666666666 0.10363425925925922
0 0.2389375 0.3398611111111111 0.00803124999999998 0.09694444444444443